284.186
nan
237.352
278.115
327.478
nan
222.576
132.391
209.883
nan
85.8995
107.082
71.1415
69.8964
nan
89.643
75.9222
17.3537
38.01
47.2682
72.8422
51.3701
72.166
78.4451
75.6372
103.259
54.426
106.393
145.228
150.867
212.157
142.694
127.72
108.892
158.851
125.53
94.7006
121.257
67.9307
102.869
86.7596
46.2936
nan
88.491
53.7742
20.4674
86.9967
103.011
155.188
104.675
64.8257
86.1729
81.3059
109.082
nan
129.594
106.932
65.6542
97.3087
198.332
86.6801
181.235
nan
126.451
53.6102
19.2304
nan
nan
64.4821
77.2307
66.8983
45.8887
78.8386
92.3589
80.4588
126.598
131.882
66.3535
294.145
480.552
nan
177.159
132.111
229.65
328.469
105.639
72.3559
75.4052
96.5173
64.5343
24.0839
12.593
83.7322
nan
67.9198
60.32
39.6449
82.2619
124.22
68.1881
244.813
182.642
216.533
190.45
98.6714
152.308
nan
101.621
114.633
102.409
104.254
133.927
101.98
31.7293
55.5212
nan
69.4753
51.2712
81.0057
65.0851
79.3666
100.217
79.8319
112.648
195.365
173.327
232.412
137.074
nan
211.142
40.5811
109.913
95.4164
nan
84.6179
48.4766
65.2989
16.4426
26.3099
61.237
95.2597
62.234
44.7353
66.672
nan
61.4141
92.493
nan
59.499
113.715
76.2257
156.094
79.9654
70.4268
nan
80.4207
87.3211
49.3096
39.4228
nan
nan
32.8774
57.5085
43.8043
61.0665
nan
43.203
49.5467
76.3436
51.8784
37.0199
135.541
119.624
92.6973
106.323
58.5834
110.792
81.0024
79.6717
nan
52.8455
nan
95.9356
nan
76.9866
nan
nan
54.8593
32.5916
97.5405
67.0387
71.9595
101.932
92.1538
90.5947
84.1489
163.252
nan
163.831
nan
nan
116.089
63.2767
76.6535
108.265
102.395
97.6458
nan
69.2887
50.2233
nan
77.1546
70.597
nan
59.7812
69.3504
65.6352
194.572
nan
87.5507
137.107
156.181
170.524
163.181
118.108
nan
86.2518
117.615
69.7599
121.446
146.364
89.7635
nan
27.4435
27.2694
38.9034
60.3569
53.4433
47.2679
98.4605
90.8952
107.891
64.9102
88.9634
107.311
74.0288
140.139
183.5
nan
73.0702
130.906
85.0276
149.734
138.933
89.7264
91.2944
120.072
50.7577
37.7567
nan
61.8678
71.9565
46.5842
50.6584
66.3025
58.5661
101.414
134.633
77.9224
85.2488
154.429
117.807
89.868
84.0042
131.963
nan
53.0312
147.324
126.236
54.2174
113.649
76.4677
nan
46.1669
101.13
21.5419
90.9674
52.6041
70.226
55.4137
58.2432
75.4735
81.3073
125.571
70.6516
156.07
105.396
72.1447
94.3395
110.379
114.848
nan
92.3761
nan
nan
75.7434
57.9367
29.7294
49.3539
54.3331
75.9148
36.6888
nan
76.0196
116.541
87.1629
87.9279
175.579
156.214
82.6908
92.4578
65.7372
72.4367
151.873
131.666
77.6929
nan
88.6635
75.4186
61.6781
45.0976
45.9862
46.3221
57.9886
60.8085
102.625
137.482
274.639
77.2845
134.682
142.785
116.988
61.8465
nan
105.436
166.746
85.3692
114.216
125.714
110.356
148.336
nan
59.4904
91.7208
23.7317
55.7655
75.106
51.4554
44.732
26.4866
136.647
173.253
108.535
52.8822
77.5931
125.298
116.401
146.975
140.827
118.694
115.987
nan
153.827
108.968
69.1347
98.1645
nan
nan
29.067
25.3961
62.1558
118.05
57.6236
56.8501
56.2492
82.736
62.5416
49.7115
121.671
247.247
175.195
nan
nan
158.077
126.593
115.271
nan
152.695
116.734
nan
nan
65.24
41.2827
62.4751
63.7353
32.5128
48.03
30.8231
108.673
nan
76.0675
112.004
112.039
95.5577
211.98
nan
148.251
46.9195
183.583
71.5098
107.337
71.4632
nan
29.0547
nan
nan
79.8316
62.7439
108.896
nan
nan
59.1826
62.0927
51.2896
108.19
136.848
89.2957
123.436
188.697
62.4076
49.1341
48.3005
46.7307
119.51
97.0544
nan
nan
65.7716
45.9686
49.8075
49.4145
44.3888
nan
94.569
43.2345
119.047
105.872
107.968
99.0226
57.3485
65.997
224.557
146.417
68.8306
117.595
66.8075
53.1332
109.307
142.846
40.2286
83.8864
69.1335
66.0483
48.9206
119.092
32.7513
119.461
65.155
nan
59.0495
63.6713
67.426
52.0291
52.5483
nan
nan
nan
393.453
173.308
206.591
97.8491
124.606
65.892
101.148
99.8406
nan
34.9193
nan
9.1246
56.6471
48.6408
59.4006
76.8488
64.6788
183.673
104.657
106.818
195.397
96.8039
94.3969
166.609
193.395
289.774
77.7991
164.156
119.58
238.22
61.1788
85.9667
28.8115
90.1948
31.3241
69.2951
15.7409
66.1856
37.8711
84.551
124.821
163.635
149.446
79.9871
82.9783
110.981
116.321
71.0596
210.913
170.888
70.1217
79.282
76.2929
101.977
86.9773
161.396
83.884
nan
54.3592
82.1888
71.2603
39.7577
48.9419
79.2546
50.4226
121.838
75.7101
67.4636
94.9481
37.0503
201.199
183.33
nan
124.435
60.6943
129.276
113.589
75.2296
90.747
83.9994
nan
nan
87.2077
23.1538
68.7943
97.6323
28.8773
30.6458
54.4854
nan
157.998
87.6859
71.9375
197.451
204.59
50.9821
70.8867
40.7799
88.293
110.693
254.922
94.1037
88.1431
138.845
167.295
68.3795
32.4199
31.9905
107.953
30.6457
40.6181
79.8638
67.615
52.0538
72.1733
111.006
66.8901
87.312
nan
40.1107
97.8814
nan
106.433
191.374
117.874
137.518
143.827
86.6627
76.9582
156.495
103.817
34.6532
35.6622
nan
49.2352
32.2292
57.1585
65.1258
nan
73.387
64.0503
102.934
64.6622
57.4575
78.6459
110.118
nan
143.576
98.6
121.76
98.8817
81.7431
62.4349
nan
nan
36.9226
41.8375
59.8448
49.4193
62.84
nan
67.1116
72.1277
74.2493
70.3877
90.9074
155.017
216.847
nan
106.346
251.152
116.698
127.129
151.071
nan
45.8058
nan
nan
25.3994
nan
95.5505
49.499
51.4714
73.8247
66.5699
85.84
137.685
197.32
134.404
57.0077
121.89
nan
69.0479
121.549
106.302
146.701
94.6803
95.3663
85.2058
nan
70.1773
nan
82.2594
nan
85.9484
93.6605
69.7234
68.9017
88.8353
87.1639
90.1326
68.8339
71.1755
71.0406
91.7485
106.958
125.926
108.234
114.091
nan
88.2205
88.1341
53.1147
99.0041
150.237
144.651
58.7914
nan
66.8425
72.3753
71.3723
83.9467
80.594
68.2774
85.0442
149.879
91.1874
70.5316
130.284
119.123
nan
68.0561
187.915
112.923
60.7199
80.1679
102.711
nan
51.4102
59.2394
51.2859
32.9966
94.5775
54.7393
27.8394
49.8719
57.8209
54.1713
126.186
109.188
67.3263
nan
205.232
nan
110.889
nan
143.912
95.9017
139.154
nan
nan
nan
nan
103.141
87.7377
nan
43.475
36.8066
30.167
23.0984
75.7933
92.3815
47.949
119.604
93.523
151.293
154.449
93.1866
60.5084
64.4519
82.8719
109.803
164.842
nan
170.336
191.187
86.6091
nan
96.5885
46.7564
62.4895
nan
108.24
48.5182
84.0007
74.4909
53.0715
nan
61.2344
72.5465
83.2523
70.5156
191.148
144.523
82.99
89.2719
123.53
nan
104.956
97.4869
110.713
nan
52.4416
46.9971
27.1196
61.021
65.9484
43.5673
67.2354
110.357
65.0821
53.1328
62.857
52.1288
184.876
255.393
99.9867
85.0797
107.171
nan
71.6451
105.185
106.796
nan
60.1211
69.1005
38.9888
52.9983
25.1083
46.9763
20.2924
53.8676
94.1562
66.0695
82.3777
87.4076
85.9163
108.001
186.788
nan
90.2331
122.224
121.981
57.0517
55.9318
110.578
100.317
89.5281
64.215
38.0136
48.8139
13.849
nan
43.4382
84.5686
51.3466
58.3988
86.6275
109.16
79.4067
119.488
106.005
nan
134.034
112.641
126.65
108.729
112.474
63.2693
81.793
121.419
nan
72.0911
60.42
nan
nan
nan
nan
55.9996
65.0486
117.645
88.393
55.216
nan
34.9093
74.1822
73.6636
72.8804
79.7341
120.32
90.0178
182.982
155.917
75.0559
157.198
100.954
121.768
67.4464
100.255
23.9467
47.2735
113.75
96.8753
92.7114
125.796
111.001
168.14
67.2191
85.8256
88.9215
113.736
77.5905
183.598
207.257
61.6185
250.547
96.783
47.2899
114.021
43.0401
89.9504
53.9952
82.1699
nan
16.8779
88.5051
79.4562
87.3706
104.692
123.777
90.9924
47.723
116.38
239.41
336.66
257.138
140.446
nan
84.6691
96.2717
174.551
204.777
nan
192.293
77.1211
nan
42.0887
38.3501
58.7753
66.4554
77.468
33.5492
72.4033
68.3493
nan
74.734
84.2461
78.4912
83.3422
158.621
67.8384
96.9394
62.2412
100.061
59.1489
62.7842
130.664
70.2704
53.7711
84.0244
45.4933
34.7723
nan
61.9421
65.9834
31.5652
50.0335
nan
68.5284
53.263
nan
110.595
167.471
228.981
nan
101.843
72.383
159.417
122.892
102.655
88.0552
70.1037
118.271
111.455
54.3327
39.6021
51.0521
36.2622
79.3719
72.6741
162.428
97.362
81.9102
94.9493
82.2178
82.5691
108.41
147.292
53.8815
100.281
105.043
85.9283
74.2922
94.6493
nan
97.0868
50.229
nan
28.308
38.4264
43.5754
27.02
39.3645
36.7701
61.8075
76.6091
150.961
37.7935
87.0588
248.773
50.1423
78.986
nan
79.3237
313.559
95.8547
126.31
99.079
100.431
141.862
101.065
77.6391
84.036
29.8927
44.5241
31.4345
66.6437
60.9273
78.342
57.426
106.683
184.923
62.4035
91.0674
146.413
nan
76.6704
67.1017
84.5005
131.058
165.598
79.5293
nan
112.895
182.155
nan
56.8034
nan
nan
63.9917
33.9527
83.0552
59.3028
53.838
91.0106
119.823
107.958
221.986
197.879
382.663
244.313
80.1231
92.7969
57.0567
64.5666
54.9313
81.1599
85.4327
nan
nan
67.1149
41.4481
61.5079
25.2133
85.7223
55.6559
53.5495
53.6144
nan
92.535
71.3472
101.291
122.896
129.807
79.9943
88.8379
94.0196
53.4267
172.638
131.056
94.2774
125.846
160.354
60.5779
43.4962
37.8072
25.4927
52.2841
nan
44.4936
42.0588
51.0672
113.25
84.361
74.5995
102.816
70.3379
105.129
62.0188
68.3596
123.174
215.598
96.88
nan
nan
nan
64.5727
68.1387
19.5773
nan
29.4965
33.5522
75.028
82.0941
45.4987
43.0887
90.3444
51.2886
63.4503
183.193
368.846
nan
224.726
282.531
104.069
123.468
nan
96.0585
71.7629
nan
105.775
52.8609
nan
25.9733
23.6157
31.6705
106.576
60.12
103.604
78.3861
87.6669
96.1123
186.911
113.77
161.736
126.931
81.4409
nan
73.8992
77.6765
109.325
75.0356
84.5379
59.5941
71.2077
35.7942
45.0343
38.7376
70.372
51.0446
50.6007
75.181
93.067
124.655
63.6309
140.885
107.067
190.231
193.157
nan
115.637
146.912
130.356
86.5486
109.828
159.686
82.6622
nan
104.497
95.7668
37.379
9.1246
53.6747
84.2574
36.9214
102.586
86.2842
63.8524
66.0545
89.9486
77.8047
128.568
70.0636
262.232
186.107
90.9262
102.995
78.4562
104.272
83.1051
87.6005
92.8193
92.1351
91.0574
53.4389
nan
91.2763
62.73
26.8454
nan
65.5201
85.9612
74.0873
62.6509
65.4259
172.057
147.299
159.919
330.102
114.487
76.5949
75.2089
153.906
141.782
122.021
103.65
61.0318
98.2456
78.4224
40.7998
60.3551
43.5479
115.688
30.4911
94.4486
70.8206
93.5264
105.343
102.821
83.0052
111.644
73.4353
60.3408
nan
242.973
80.6227
48.8398
129.418
117.235
96.4458
37.9937
128.847
48.0514
nan
92.8576
17.1263
74.2931
45.9558
53.9948
70.7166
82.3674
92.6334
67.5146
94.4875
71.5501
nan
nan
126.431
80.7832
88.303
96.9344
101.525
186.74
111.138
nan
65.4752
60.2563
nan
40.5561
10.1511
30.7654
nan
64.0815
42.7477
47.2204
111.278
75.6234
81.3909
110.245
132.202
122.14
109.835
85.2735
122.751
106.366
89.8234
92.0012
49.5509
nan
nan
73.3689
29.1701
56.128
47.9682
49.3429
57.811
42.1558
81.3269
72.7582
46.9156
76.8214
69.8993
152.711
111.887
nan
98.704
111.154
nan
60.8909
62.3005
64.9139
97.9405
59.759
57.3318
nan
19.4496
52.8436
45.9811
44.2919
45.4059
37.5417
76.863
98.9879
67.3229
56.7531
23.7002
214.702
212.294
156.987
182.835
76.1247
158.945
112.282
174.219
34.4267
nan
106.526
120.53
65.8936
nan
75.0984
54.9705
65.8602
68.8934
63.719
84.6076
120.557
116.343
67.3622
154.235
103.293
82.1666
101.776
117.135
66.3363
96.9974
85.1441
224.737
nan
74.8853
100.58
95.9306
43.5091
55.4411
33.0959
65.17
40.0883
nan
63.0388
77.1268
71.5179
131.248
63.7829
117.618
147.733
162.666
132.824
107.32
nan
117.137
91.2226
88.4035
100.215
128.415
138.487
102.461
nan
nan
21.0938
53.3563
84.4409
80.4063
71.562
92.8578
108.026
128.622
66.9594
71.7144
79.8025
71.401
81.312
108.029
nan
96.4023
90.7544
141.655
146.211
178.326
111.58
53.4924
67.0974
20.7735
29.3617
91.0821
47.7747
72.1682
48.2053
58.77
88.3969
75.7397
102.291
47.6657
82.748
97.5081
140.969
122.281
77.9079
nan
nan
86.4521
173.702
158.554
58.4085
nan
nan
nan
89.5676
72.7936
75.0784
62.1542
123.27
nan
69.8705
78.3634
85.4804
91.4543
114.751
149.008
88.8134
88.348
58.416
113.458
79.6979
nan
90.302
87.7405
72.0383
45.6714
nan
70.6805
47.2437
84.9859
61.7041
nan
53.2889
84.1544
92.5543
74.5702
65.6273
106.326
96.9787
81.7672
70.156
85.6649
175.726
76.1472
60.4053
118.281
47.5861
60.0497
146.444
50.9081
nan
41.4346
nan
57.7959
54.0558
38.682
57.4388
94.3673
80.2585
57.3001
54.6593
92.9648
212.083
107.195
198.787
194.676
328.602
131.257
111.395
76.702
116.976
159.904
nan
76.2173
nan
nan
56.7384
30.8962
63.8107
45.5951
nan
61.3778
126.44
130.834
112.938
121.454
240.855
74.7685
123.58
88.1311
80.7339
106.644
119.732
190.745
96.5489
166.155
169.549
70.5902
66.7869
45.5592
69.4415
73.6136
69.3733
42.4512
52.284
91.1656
109.073
79.3312
74.2039
84.2113
76.2348
87.1703
77.9393
204.407
79.0093
122.929
nan
197.38
145.299
128.867
65.2623
60.9582
91.0553
nan
10.4933
29.7333
38.5163
27.3777
64.4222
74.239
78.026
81.1849
151.747
112.63
109.049
67.4935
60.7439
53.5154
nan
78.8721
127.64
nan
130.755
86.7186
51.2816
76.6063
37.9276
51.6599
75.7876
14.7902
43.6129
49.8433
27.1626
49.7102
84.6908
74.5525
72.8697
78.6114
102.266
nan
61.2342
100.765
175.458
94.6255
221.225
125.498
nan
95.8828
129.468
nan
58.6781
102.705
34.6617
35.4551
nan
15.8788
nan
47.6626
126.261
90.2311
55.2538
89.1094
243.627
117.321
nan
102.044
85.0015
128.559
90.7825
nan
77.8494
68.7742
78.2304
26.4774
53.9281
49.8353
36.9667
64.6051
74.9679
62.9899
48.6312
96.2547
121.299
199.487
88.4174
121.286
150.387
152.375
116.661
123.34
nan
160.011
48.1314
58.8675
28.6324
52.7073
42.1474
62.6162
nan
39.0451
30.5797
37.4278
37.8937
80.0364
128.433
73.8348
120.926
70.8174
75.2132
106.811
92.4551
81.8924
166.407
107.342
54.0262
93.8733
93.7685
122.931
nan
122.379
76.9305
nan
77.8667
56.5073
48.789
40.3973
109.298
54.6285
68.8065
56.9556
130.467
175.976
100.048
74.7983
68.6191
96.6692
91.45
77.3186
143.192
173.374
120.957
117.026
69.3175
92.6042
137.447
75.107
90.5848
nan
nan
nan
32.9794
48.576
60.359
74.7029
132.748
133.196
60.6464
139.713
121.572
213.746
101.063
101.573
75.3451
221.122
127.098
53.8497
107.462
150.224
nan
nan
36.8997
38.0514
106.818
31.8949
nan
66.3938
69.5429
74.6501
75.5113
120.231
61.1645
61.9942
114.04
nan
113.251
130.817
137.241
201.291
240.04
124.356
134.932
98.6017
nan
134.083
43.8351
nan
26.9025
93.1201
nan
87.9943
48.5441
74.3141
52.9341
56.4827
57.8948
68.7699
145.358
176.52
51.2812
125.461
63.3445
nan
nan
nan
nan
62.0475
82.1008
77.0056
33.0565
nan
nan
60.1265
50.7371
31.7626
62.4832
35.5428
58.7662
nan
64.3067
89.6004
308.643
nan
190.705
66.6101
127.461
80.7578
88.522
175.958
83.2835
69.2113
83.2575
66.6714
nan
26.8554
78.4599
97.2818
47.5235
66.1692
96.0354
72.6198
152.23
217.638
229.824
191.577
99.3235
138.275
nan
101.129
92.7621
108.9
99.7678
94.5996
147.941
72.0801
133.525
72.4568
53.8644
82.9035
61.534
49.8289
42.6
55.0639
69.8615
62.7266
140.21
88.865
144.818
123.499
206.792
89.6859
80.4737
148.397
63.5157
nan
nan
nan
156.254
115.117
80.2288
54.7018
27.4828
nan
32.7992
18.3778
nan
89.1732
87.1541
79.732
85.8518
110.738
125.617
129.994
88.8926
145.893
103.389
132.938
215.32
63.0593
52.8639
209.662
nan
163.412
89.2289
nan
58.3526
nan
38.4181
54.9023
35.2659
74.1432
53.7056
54.0996
78.4235
100.142
72.9906
98.151
121.368
78.5311
nan
nan
94.9415
120.954
123.885
nan
80.0087
nan
132.784
127.906
66.6674
24.2627
56.6644
20.5902
27.9479
64.5707
72.0468
38.3828
70.2386
86.6683
61.9038
78.0939
130.633
54.5913
71.7851
nan
67.7958
76.5611
80.4307
169.08
95.7159
120.306
127.896
nan
69.526
nan
nan
46.9685
28.6226
84.8497
76.3948
55.6426
101.404
49.6078
57.0223
92.7759
78.9402
82.3291
97.5805
90.4882
54.1715
153.309
89.4493
102.375
nan
128.253
58.4876
83.4766
63.2924
nan
125.066
nan
61.2287
69.7376
49.852
101.045
118.174
115.062
73.8088
97.4708
147.422
237.619
139.798
100.777
253.205
144.605
318.582
91.5292
81.283
73.6254
78.9192
nan
nan
40.0241
48.0314
89.0102
57.8646
59.3805
103.324
134.148
nan
81.9514
127.523
95.8519
97.8416
126.881
93.0936
63.1268
70.0418
46.6448
67.291
102.709
54.8499
nan
62.8648
68.2511
54.6214
62.5972
50.5601
55.552
95.5805
61.2987
85.4731
91.7169
107.393
57.1079
61.4043
154.258
185.425
115.338
189.678
286.248
239.565
nan
88.6084
nan
111.941
117.902
59.5785
nan
43.8367
nan
nan
59.7612
61.8288
53.2203
56.7937
90.3013
88.8528
92.639
87.268
102.256
155.148
136.263
82.496
106.5
111.957
72.7271
nan
116.647
105.737
82.7086
112.215
127.784
46.4234
86.8209
107.201
44.424
nan
92.1677
75.7261
54.4663
121.167
94.1677
71.3125
105.902
122.56
133.823
124.811
80.1761
154.094
147.96
64.9912
131.807
82.1089
113.077
103.633
nan
34.6015
37.2712
44.7838
39.4477
29.2793
67.4306
75.6821
69.1545
79.8819
104.192
61.6566
54.278
114.52
78.9669
80.6484
138.929
77.5241
nan
151.565
nan
77.9831
134.571
58.8114
104.184
49.7029
nan
24.0994
73.854
40.2468
43.5047
57.4257
nan
51.2014
82.2863
83.0093
68.8703
nan
79.2947
75.9351
59.4791
92.7079
93.2883
84.1725
70.5671
111.335
95.8711
72.1743
112.668
71.7841
27.8989
nan
70.9899
31.535
54.6826
42.7664
49.6899
80.8283
76.6291
72.9236
102.221
140.46
159.125
78.8606
69.4662
69.4243
117.714
96.9229
124.075
66.9941
83.464
111.447
30.9374
76.0825
38.0069
27.4269
64.1118
44.9017
58.4129
65.466
75.0832
65.0365
119.891
68.6089
57.2559
88.3087
136.353
nan
108.573
97.4317
60.4923
128.003
80.6983
118.038
80.4793
44.6642
41.3097
nan
40.2743
67.2143
37.8945
134.365
82.7441
66.2104
214.877
138.563
86.5336
110.961
nan
115.644
111.226
100.625
141.054
187.202
37.4551
86.3279
142.489
nan
105.371
nan
nan
43.8667
99.1653
48.7257
46.6834
47.8047
47.1081
51.6844
80.0791
145.322
74.6656
60.7581
110.489
109.521
nan
62.2888
105.031
62.268
101.259
nan
157.915
144.373
93.5185
93.3044
72.555
56.4509
32.084
40.7571
25.8777
90.4437
50.459
80.2348
71.1659
113.78
80.452
69.3356
81.3272
64.8466
110.317
148.195
109.434
108.632
87.5388
106.684
82.7889
122.803
64.7421
108.882
48.0098
61.8139
55.2974
54.6398
45.5086
66.441
65.4923
69.1204
53.4564
82.3002
109.36
67.9632
72.0963
88.9971
71.7478
72.1384
126.621
118.504
nan
122.362
120.917
138.868
nan
179.059
nan
87.7037
nan
44.5353
37.5395
62.7958
51.0737
40.7686
50.5946
99.7602
71.2199
nan
96.2705
81.6693
107.667
nan
nan
108.857
nan
nan
nan
103.3
104.6
44.7766
nan
40.813
nan
53.1459
128.453
53.1379
43.9518
43.5609
77.023
106.391
67.8798
84.053
128.078
179.049
120.462
41.7514
148.452
112.867
85.0075
83.3591
158.76
nan
80.5
68.79
nan
nan
57.4431
82.6637
53.5343
37.6274
85.598
137.559
111.219
100.624
100.264
68.0568
80.3663
85.1708
104.839
67.0352
nan
72.9378
92.2584
73.3506
60.9629
121.869
77.8977
74.5681
39.3966
50.1532
54.8797
93.4498
nan
49.8482
44.545
76.3271
106.533
96.3664
50.8535
84.6922
88.7444
25.1533
142.283
151.3
326.574
151.14
140.712
101.256
nan
48.7987
63.0582
164.967
59.0836
23.8794
27.1333
26.5658
nan
50.0711
43.2842
76.2027
58.2369
106.974
73.7839
64.7682
141.914
140.531
67.0147
161.364
77.0817
47.7403
85.013
85.9992
243.305
78.5246
36.3868
88.1176
81.1402
71.5823
27.4165
30.5819
nan
22.8464
95.5106
51.0883
105.642
108.515
62.3724
nan
75.5101
87.0151
195.889
nan
82.1839
80.6193
58.9243
139.964
72.6905
35.4225
98.8659
217.35
32.4917
44.7175
36.9865
37.3552
78.6958
66.689
77.6581
72.8147
104.854
57.5642
81.3324
55.6282
75.206
127.044
87.0075
87.735
72.3613
88.9701
86.8413
158.937
25.1842
156.867
118.592
47.1709
nan
35.821
nan
47.9766
nan
106.649
nan
71.6453
74.7598
52.7052
96.2764
62.8011
113.582
85.4488
60.4021
nan
112.193
108.188
84.3246
70.5539
74.1957
104.692
75.4091
43.3935
108.729
81.2772
nan
nan
57.6935
25.1948
35.7772
50.8302
77.3232
75.537
60.2938
64.9066
172.697
101.185
371.031
144.561
102.834
nan
101.667
126.707
110.064
112.41
100.447
173.92
46.3837
51.3037
12.0538
54.8245
57.6366
65.5755
81.1053
130.543
65.8532
126.599
73.8145
71.4324
187.011
105.272
89.2458
51.599
50.9225
100.075
137.896
100.719
66.1475
90.0568
132.689
86.5833
62.4403
54.1047
nan
68.7863
26.039
nan
55.684
74.2059
nan
101.848
95.2625
69.3257
105.69
164.217
87.575
45.0992
157.523
217.076
80.5615
130.308
nan
nan
131.399
131.828
44.9921
32.2553
28.7561
96.1718
38.6316
59.3177
26.9899
40.3152
100.562
77.7198
87.6854
100.103
85.8275
113.464
169.067
68.9073
42.0806
70.0386
62.0199
92.3436
nan
63.1497
nan
61.799
nan
38.854
nan
81.4944
49.9463
60.446
18.8247
62.2204
106.755
113.958
76.0487
94.8833
98.9303
153.791
98.6917
nan
68.0852
129.198
117.633
157.986
244.248
70.5124
73.766
73.1501
49.4323
nan
nan
41.3168
42.6647
32.1688
45.3516
66.5429
63.3505
103.308
82.1788
95.6075
96.6846
164.217
nan
68.4609
62.9057
nan
155.524
80.0737
59.2842
114.462
78.9834
77.534
76.5955
29.279
20.6325
nan
30.5345
40.1677
74.0767
44.7059
52.6635
82.0329
nan
75.9829
139.863
97.5154
233.857
170.404
98.6387
95.3922
88.8485
nan
92.0795
71.8337
nan
79.749
83.7406
50.4799
nan
23.713
29.0293
62.6985
70.5475
27.3083
46.0569
70.0771
54.2589
51.6025
81.7103
61.0082
64.2131
45.1011
122.459
104.216
103.932
95.1719
nan
nan
nan
52.3991
66.5707
nan
nan
34.378
78.7798
47.887
57.3637
nan
nan
116.066
94.9964
143.76
72.2375
220.8
93.7239
76.2804
122.2
nan
58.7054
74.6451
119.722
nan
33.6931
72.9544
nan
34.8564
71.9853
64.1099
40.9113
94.7465
80.6321
83.3389
74.4798
101.7
108.435
90.5121
nan
113.559
106.956
50.9794
228.575
173.05
23.6266
53.7131
154.16
102.231
102.272
nan
71.3558
54.6268
41.8466
nan
45.1569
53.8551
92.7114
74.2601
43.6979
91.1037
68.9037
77.3278
50.0926
nan
117.862
nan
60.2969
125.449
148.144
nan
180.902
105.7
106.078
115.261
nan
nan
27.5063
26.1421
54.4803
53.2705
45.6108
77.6791
57.5525
80.5557
42.9633
112.075
155.478
86.7107
204.084
57.0676
nan
125.798
nan
nan
124.612
159.115
86.8415
nan
nan
41.0089
55.7332
43.3345
nan
86.9709
43.6846
55.8089
71.8735
93.1916
63.9007
83.3039
96.0081
176.092
109.603
121.61
48.5439
89.277
125.239
134.331
64.6536
76.8838
147.271
111.677
89.8693
32.0946
nan
76.4725
20.5018
nan
45.4099
45.0017
48.7974
61.0844
92.7242
91.9667
63.491
126.868
74.4593
30.4134
90.2098
74.7443
64.5613
64.4035
118.247
62.2617
63.3363
35.7281
32.8498
26.562
nan
63.93
122.59
107.526
70.499
87.7523
130.783
77.8883
79.6124
60.085
89.5496
190.284
163.608
80.0525
nan
88.0971
83.8724
107.342
72.3044
87.2196
105.064
87.0958
51.3401
51.3765
nan
47.2964
23.3909
nan
77.8783
nan
158.641
155.458
153.155
84.7727
95.4043
92.9836
102.463
83.0629
49.8624
126.525
124.654
83.3929
110.324
73.9465
nan
115.743
26.4819
nan
20.3024
nan
54.2658
77.4652
66.1627
164.771
110.53
90.6463
116.933
53.3425
86.5856
134.987
129.271
124.113
109.016
208.992
79.6492
55.7692
246.04
81.6132
99.1397
nan
nan
87.983
83.9104
79.3134
61.3392
88.6279
56.887
56.1119
57.9356
105.327
47.3878
106.222
147.421
120.004
231.034
101.563
144.178
nan
nan
51.4106
73.8133
79.2913
146.694
113.429
118.393
52.1834
nan
58.1642
74.1341
65.4138
61.2846
52.9717
88.0296
88.1671
67.9049
84.9682
71.2191
99.8464
140.216
108.953
118.968
81.603
120.565
91.0511
115.461
103.83
nan
83.6543
53.0654
nan
nan
62.3283
28.9384
nan
55.8852
70.4442
50.3217
36.5855
73.0806
68.7608
71.671
111.263
75.1136
nan
183.909
145.743
40.2196
88.3506
nan
nan
94.0744
47.6945
112.155
nan
100.695
52.0899
35.3873
30.223
39.3183
52.7303
30.2884
53.5189
78.0982
62.4518
68.3319
90.597
98.7838
105.259
84.2157
nan
96.5251
nan
111.479
nan
71.8055
65.4969
91.5283
48.1862
nan
41.832
29.4085
nan
44.6888
35.8724
nan
63.6951
nan
89.7648
24.6904
nan
62.7876
50.2619
72.765
63.5694
43.4393
nan
114.84
nan
nan
nan
nan
nan
16.2102
nan
nan
42.8964
25.5377
16.9599
59.8106
23.7457
nan
67.7644
89.7705
nan
33.6944
19.1986
33.8604
51.3069
25.1315
54.788
70.4042
66.1676
49.104
102.971
33.9139
37.5521
nan
52.734
32.1953
nan
58.0882
64.0935
nan
83.1482
54.0853
92.2479
95.5378
92.402
69.6205
145.889
147.457
218.14
90.2031
99.2992
135.179
100.294
143.135
114.719
38.23
28.7432
nan
67.1697
51.4415
42.9897
nan
53.8507
74.7037
77.2579
99.7021
69.263
97.8113
41.3698
50.8718
111.604
161.079
138.309
137.459
94.3044
84.0762
232.925
206.046
nan
45.2981
104.846
nan
91.8432
89.819
52.9313
46.4986
87.5147
75.268
96.0268
100.215
100.499
84.3799
108.462
nan
97.4207
100.235
159.827
172.998
50.2928
130.678
111.994
143.212
nan
74.6109
33.2764
60.4864
nan
28.9369
22.2186
45.482
47.989
122.5
72.9221
91.583
64.113
64.413
95.4498
99.1239
108.704
184.219
104.657
58.2893
103.139
143.653
144.883
nan
85.0879
121.814
32.19
39.8352
29.8523
nan
110.799
56.6597
76.3793
66.0739
99.2033
66.2384
65.2649
71.0315
93.2437
132.919
94.2364
nan
165.045
156.713
133.263
151.819
nan
128.42
63.4566
nan
103.063
57.5808
nan
36.5547
80.2454
27.3636
64.5394
nan
38.4616
103.822
128.872
84.0534
183.916
84.531
193.976
55.655
nan
90.5464
119.173
77.8521
124.935
77.0116
58.6412
52.7708
64.5059
26.8262
nan
90.4244
65.218
31.6464
95.9305
131.489
129.891
110.545
91.8201
90.3031
79.3798
108.352
87.8376
45.7986
42.7058
nan
70.7751
65.4311
50.2174
78.1499
83.3034
42.8975
60.6108
42.0107
45.0296
94.081
32.0341
66.2559
73.9591
71.066
117.171
102.823
102.585
124.624
156.382
89.812
270.398
198.129
144.874
67.5062
91.1963
128.66
138.737
nan
49.9841
105.292
87.7433
nan
nan
75.7581
51.0356
79.7514
nan
75.8008
104.151
80.3181
58.0691
88.3069
128.17
143.867
61.224
109.36
128.614
49.9664
114.535
106.315
68.9123
161.25
102.542
62.6752
62.4719
33.5748
31.1272
111.957
36.444
66.7744
83.4109
107.754
122.532
81.7222
94.7287
84.8702
336.038
71.6232
106.734
225.376
nan
54.9551
101.844
164.958
65.8534
120.208
72.2838
95.0153
64.1822
24.4102
56.7807
49.333
52.9738
102.318
65.9613
69.3528
86.4285
109.978
61.6236
67.4874
88.6194
112.113
97.7887
101.904
nan
151.444
133.055
191.626
158.156
94.7356
101.178
111.245
96.5071
47.8616
39.6028
95.8134
56.952
74.3435
101.21
77.312
32.1026
nan
89.3982
57.2785
87.4073
98.2792
139.474
137.586
95.6611
76.4591
128.233
104.995
nan
141.919
102.147
nan
60.7604
40.4675
nan
33.656
51.1447
47.223
117.753
nan
48.8176
58.1072
106.415
116.855
46.4314
79.7946
89.5387
nan
131.831
31.981
105.442
121.02
87.8023
107.745
99.5268
65.4679
62.5031
nan
41.1007
38.091
86.0403
64.5366
148.7
92.0808
91.9131
90.2013
91.8632
132.388
116.267
139.279
126.161
114.098
85.0792
116.684
67.5967
90.1485
91.9416
166.069
119.997
36.0824
nan
56.3079
62.4388
32.1594
nan
78.0159
102.582
187.455
135.395
110.258
99.6254
143.97
107.636
161.665
264.609
259.583
211.77
183.323
172.151
137.47
82.9465
nan
63.4455
77.493
nan
nan
23.6686
110.832
44.9794
58.9009
52.146
58.4148
95.6533
116.765
89.0699
72.2855
108.87
107.603
76.7132
117.155
100.669
92.0192
111.702
nan
71.1474
nan
121.624
83.7816
69.6588
30.4274
59.6622
64.2888
74.7153
52.9151
48.6556
39.2756
72.008
81.0496
68.6308
155.54
149.886
206.978
137.344
104.992
71.0533
103.197
98.6123
82.059
83.8568
167.369
134.013
183.899
55.1074
72.4692
76.3488
42.733
65.2761
nan
49.7663
126.198
87.5909
112.718
79.5259
60.1184
80.192
95.298
141.902
126.363
91.8907
174.597
102.777
48.4975
86.6453
109.03
91.4371
119.642
83.532
nan
nan
nan
45.6554
65.5474
48.0088
77.2012
116.708
72.3568
134.069
79.6293
104.928
90.5393
118
88.6379
193.634
91.955
205.433
96.7834
99.1773
nan
147.24
87.597
43.6637
nan
nan
75.27
15.8535
nan
54.8766
47.1799
73.2748
110.83
77.2276
103.626
147.491
249.581
117.314
87.2631
184.391
81.7255
81.9481
86.9831
71.727
nan
nan
78.315
55.1146
67.533
66.9793
36.1296
58.1139
57.8844
85.1897
140.881
176.498
81.6271
66.3893
nan
97.5616
86.3278
148.993
86.3726
61.7176
69.2743
67.5711
63.618
58.1531
110.392
47.0576
55.3336
nan
nan
41.6036
59.6506
45.1367
82.5137
92.6368
92.1307
92.4266
85.6903
64.5292
94.4789
153.236
167.714
199.27
105.153
153.414
100.377
152.386
139.1
nan
98.1909
121.708
63.5729
28.1895
nan
56.3874
40.2435
47.5789
59.7197
46.6731
55.3194
90.7875
106.633
61.8342
179.352
260.489
157.314
88.1082
65.8865
94.6487
nan
187.779
nan
117.79
138.137
81.2237
50.2049
47.8162
28.1134
31.3927
91.0704
31.5951
41.0318
59.4516
127.196
169.07
83.4459
67.9409
122.446
174.979
147.766
145.303
77.0711
168.954
113.844
69.2035
110.693
205.414
59.9571
85.0698
148.699
99.2547
77.8502
38.5007
35.8093
92.2398
10.0143
65.712
72.8993
113.561
80.6959
59.8593
89.0721
109.482
74.3809
123.91
103.601
75.3437
135.099
162.957
106.014
184.444
80.1071
48.6626
107.93
52.086
28.7871
nan
23.8518
41.6528
68.4162
75.0229
89.8057
79.4001
89.5572
80.0629
68.6753
138.414
66.1019
102.666
130.105
169.941
99.6242
110.668
160.71
nan
232.437
84.6307
nan
97.9911
nan
61.8614
nan
79.3035
67.864
nan
70.6005
52.5251
56.7309
116.524
57.9332
190.437
nan
89.1135
136.411
118.333
114.211
80.9428
87.8359
101.939
61.4247
87.8198
73.2641
71.5382
59.4304
22.3901
75.9303
62.761
71.0518
38.2399
113.337
177.27
72.807
175.801
98.9897
130.351
146.994
58.6466
67.5346
119.653
73.0319
99.0866
65.5904
105.948
56.0562
57.3793
42.2554
nan
65.2759
31.0047
35.7788
77.173
76.0458
64.962
80.3075
91.6614
66.2088
107.806
126.78
112.439
76.2659
105.654
120.118
204.99
129.647
117.498
94.6481
78.8745
79.3054
136.332
66.2082
35.8987
31.5405
nan
57.7001
49.455
62.4157
24.101
68.4591
92.8056
138.999
105.516
136.106
177.572
230.398
195.353
307.702
nan
113.53
108.29
102.845
143.278
97.2599
113.947
126.483
45.8583
35.0022
nan
119.554
36.9864
35.6881
96.269
89.6852
101.224
105.135
124.696
105.939
116.163
206.986
73.5689
80.5029
94.4118
155.718
95.67
89.2555
116.679
66.4193
100.29
106.202
67.438
14.9747
36.5457
66.0158
45.2044
69.1579
55.6095
94.6838
80.4359
96.5388
122.215
166.903
103.291
nan
79.7512
87.8827
81.4742
48.7849
165.704
182.895
58.246
111.12
78.4951
58.6962
52.41
nan
nan
29.2753
77.5504
nan
42.2479
71.5461
nan
59.0077
60.0273
68.1659
102.702
184.851
87.6749
51.0191
83.1473
97.9324
90.0498
170.914
136.27
nan
70.1886
82.8088
69.5852
nan
nan
29.7247
47.8523
91.2357
46.6846
nan
91.4556
58.9312
65.2044
63.7446
96.9094
150.334
80.1965
79.38
116.95
100.326
81.497
86.7198
87.8438
97.8073
58.9429
65.7089
nan
43.7186
60.397
60.2161
66.6147
64.9468
75.4211
106.079
138.979
136.403
85.5449
150.695
70.4948
81.7875
83.1501
82.5762
65.2298
80.4488
nan
60.2084
59.2512
72.2069
40.0012
nan
55.0127
47.1826
57.7952
67.3408
50.2609
48.8752
121.832
159.056
116.012
87.3078
145.925
130.209
nan
91.8344
170.4
270.665
153.849
157.288
93.3554
73.7255
114.298
61.1721
69.5894
76.3079
41.1595
56.5628
38.021
65.809
50.0225
44.9118
69.8378
61.5441
145.454
90.6842
114.264
104.316
149.364
82.4019
88.1367
52.3366
118.06
38.471
86.0838
123.83
106.698
77.7473
136.532
52.8636
72.2709
nan
40.6135
51.6849
88.4061
34.6138
82.4664
89.9431
79.9501
121.914
148.657
172.944
210.563
395.258
141.274
nan
91.3975
154.14
146.449
244.427
90.7841
91.7215
95.5909
126.624
60.2503
47.6755
38.3693
44.5113
71.2649
82.8155
71.4676
54.5859
113.868
77.4762
66.0817
93.2363
95.7131
104.347
58.2192
95.3059
130.013
90.681
96.5556
120.257
146.593
80.8718
67.4477
99.0194
44.2726
nan
39.1789
73.8988
55.822
44.7819
33.0139
50.5206
55.6551
64.3905
76.8504
107.091
nan
85.0577
83.8208
90.5397
nan
nan
104.022
174.878
80.2453
102.74
69.3421
59.0566
47.6085
32.2114
55.2229
nan
17.6822
55.2725
32.1719
nan
nan
75.0715
109.225
57.5338
96.0486
nan
88.5242
42.5922
108.212
77.7493
69.968
104.482
94.8311
84.7098
63.273
56.7971
nan
nan
65.4894
42.8101
73.579
80.4828
118.426
97.5126
123.349
63.428
92.467
90.1974
103.879
91.1711
nan
77.4945
81.3773
96.6823
64.0058
89.0321
51.2671
51.3697
49.0843
81.5013
10.9495
53.5733
94.7018
68.7314
55.4625
40.9699
81.196
77.6474
89.4371
89.2616
107.918
135.106
53.7097
80.2687
71.6488
168.653
81.3987
110.384
78.912
61.8512
89.2605
94.2958
52.0349
76.6424
81.1913
40.4957
nan
44.7393
42.6869
40.5597
57.4368
54.7482
62.4062
92.5458
136.503
nan
45.7649
nan
84.3838
176.524
97.3094
133.954
145.246
78.7076
84.0003
139.49
71.3947
79.6105
50.1497
85.3424
29.6593
54.0691
35.2609
51.018
91.88
57.8517
100.915
105.48
163.856
113.939
90.4812
120.085
111.891
85.3944
177.958
nan
78.3742
97.7531
65.4022
67.9302
nan
58.0266
45.7603
nan
77.5548
41.649
53.5025
70.5722
58.8756
55.4035
133.945
96.9327
73.4678
74.5151
78.5354
87.0708
77.2663
105.063
88.5938
104.15
102.592
64.2644
nan
67.6958
55.0922
43.8621
67.8328
86.1135
90.0626
51.0292
40.2298
43.3031
67.6247
69.034
80.986
73.2712
141.978
54.0653
91.5594
88.6264
153.105
nan
60.5873
89.402
nan
98.2486
122.461
140.833
nan
48.9568
60.7586
19.2024
105.064
nan
33.8287
64.6264
102.826
69.936
51.3312
53.5554
53.378
117.918
83.7647
104.283
91.202
nan
nan
61.9307
61.5311
71.344
97.0546
92.9862
55.3458
51.6538
28.8552
nan
35.8617
65.8733
81.2521
19.3572
120.188
227.788
235.825
67.5297
39.2446
99.1171
127.067
86.5746
76.9768
64.1144
61.3284
52.6166
nan
nan
89.0321
80.7471
75.0026
39.5256
71.7744
41.3746
46.6094
57.9153
103.775
55.0876
58.549
83.0191
97.1127
74.4176
75.2833
93.8459
90.5186
97.4705
nan
116.227
211.193
83.3341
100.071
110.841
76.5626
44.0129
54.7805
nan
40.9035
40.7547
56.0806
45.8999
21.1244
116.448
58.67
57.7398
99.0141
80.294
80.8013
107.425
98.5584
108.505
113.805
115.265
59.5934
103.569
44.577
158.542
nan
118.828
128.905
95.6443
45.6234
39.8273
59.4057
26.8741
26.2654
32.3995
51.1557
54.3808
70.6086
76.3853
80.1278
79.6229
41.866
71.093
110.15
90.6158
69.5658
115.31
nan
129.082
100.629
77.6386
85.1697
64.5866
80.3568
nan
54.2036
32.4465
37.2758
65.1131
49.4362
60.3896
113.331
104.028
64.1708
79.421
93.5705
89.9483
89.6604
109.798
45.9422
133.052
88.3774
112.819
nan
129.192
nan
45.5426
44.0717
nan
nan
nan
21.2838
107.281
85.7099
52.6474
130.172
105.96
112.153
111.052
89.7718
73.8342
101.887
nan
102.627
63.0247
nan
64.1051
59.459
56.0934
59.3614
nan
32.4618
43.2357
64.3482
97.7664
33.098
61.3566
nan
61.662
77.8954
100.89
86.0674
71.4067
128.725
111.806
112.891
122.457
71.6477
166.529
81.5792
55.8853
105.71
93.8238
nan
nan
36.0506
76.0867
85.0274
67.7874
90.7498
133.027
83.4451
117.667
119.612
112.643
70.4738
123.514
163.06
113.114
87.7447
82.922
61.6432
165.99
nan
85.9972
77.3142
82.3515
64.7431
46.8526
78.8381
41.6082
29.0102
66.8814
35.8796
69.2958
54.6215
77.3465
114.153
87.5994
79.07
93.3951
nan
71.7849
140.437
228.064
108.804
164.916
126.957
108.195
81.1434
104.518
60.5834
120.975
43.8122
37.184
nan
62.8538
33.7422
59.234
74.0616
123.26
78.1657
90.4788
93.3313
96.1257
91.448
191.751
137.659
108.002
77.1485
58.7956
126.073
107.607
144.36
100.246
113.811
nan
85.4095
24.9329
113.399
60.2081
64.7991
48.2547
72.0133
59.3548
88.5671
79.4524
76.8738
247.761
184.607
161.117
260.136
117.627
187.652
89.6043
98.1108
180.867
76.9638
145.719
71.468
nan
51.7361
32.6908
32.9675
40.8912
32.3308
43.345
71.5379
111.302
104.78
141.844
100.4
89.0976
92.2375
93.5551
108.122
103.042
67.9197
81.0158
89.9573
94.4891
51.059
108.583
79.668
94.7357
45.7231
31.1499
51.5451
51.7376
nan
48.7329
47.4881
62.2019
70.9904
72.9586
94.2948
108.285
97.9265
173.903
163.393
106.583
139.374
98.5859
46.6006
102.337
99.5707
105.591
68.059
57.6479
44.3291
33.0955
81.256
53.1146
41.1675
66.736
nan
34.4982
61.2502
93.0877
115.378
nan
198.547
129.277
126.559
136.975
100.689
166.587
140.358
103.316
72.2355
36.5752
57.2934
65.9512
82.0284
nan
62.0667
45.0652
44.5574
57.6174
85.3464
129.617
106.342
145.451
103.575
116.343
65.69
97.4942
72.2141
91.6339
159.95
64.9065
136.079
55.8733
67.0076
100.706
28.2365
53.6503
85.6335
nan
48.9995
46.2387
59.5905
66.1519
61.2531
78.2507
199.667
157.994
148.692
100.093
168.422
84.3336
67.7645
160.136
113.836
132.341
148.597
94.9853
nan
73.1685
27.1613
128.094
nan
nan
84.2767
18.1853
32.4471
104.98
37.7525
56.6842
111.438
61.7155
122.592
36.0174
122.507
108.115
nan
104.912
42.221
68.3419
110.71
63.0044
94.2075
96.2526
53.9165
38.3635
nan
20.9886
23.5556
58.5852
21.1249
88.1333
75.457
78.6225
56.2413
80.065
147.491
104.202
83.7863
203.175
78.2704
183.04
nan
107.121
58.8624
49.1487
nan
77.049
48.7922
54.9387
85.6522
nan
nan
68.6374
44.8517
36.7422
53.0534
105.016
131.941
100.468
105.735
95.946
104.419
85.9899
124.49
177.746
nan
79.1655
234.08
178.494
53.1751
44.9155
80.4552
50.3168
64.9167
nan
33.2143
75.4919
56.8722
31.1204
74.9099
52.9278
77.5254
56.0995
37.2148
68.5334
103.017
104.137
68.4851
70.3001
59.7947
nan
70.9912
nan
nan
88.7326
43.7024
91.4728
58.6649
51.4995
43.5147
29.7428
22.5802
74.3939
63.2813
51.9806
57.7325
55.6606
70.0051
70.1781
109.334
136.901
90.1619
108.203
64.2288
60.6496
86.3636
98.2451
85.4941
48.8289
74.4675
nan
59.5339
33.7854
17.0573
53.6377
29.6184
59.8886
60.8315
78.9641
89.9834
79.0475
78.0961
97.4332
101.003
128.923
nan
68.993
109.195
112.114
72.2188
50.9851
61.5964
56.0678
75.1681
43.8678
36.1976
52.3875
42.3159
35.1248
24.771
58.5244
49.6836
83.5398
119.283
57.9911
54.9476
160.513
277.229
102.707
84.3762
361.708
47.773
52.5044
77.2394
124.474
84.229
143.097
71.631
56.1885
38.8814
40.2348
53.1148
73.9027
93.3585
38.006
105.007
108.477
84.7839
84.1183
74.0203
72.7372
68.8727
133.203
83.9996
142.537
64.0503
nan
58.3309
111.33
125.117
99.5204
73.4476
nan
28.7701
28.4747
56.1181
61.9198
51.1367
66.3532
40.7267
77.6923
nan
66.9891
42.0762
nan
116.523
209.649
95.1643
153.563
182.489
149.834
149.423
171.068
96.5094
88.1226
55.2611
nan
nan
51.257
98.6725
119.459
64.5898
95.9679
53.0449
74.1842
107.527
118.056
69.4563
nan
181.691
46.6804
122.843
230.145
76.5343
nan
85.0378
129.792
120.454
42.0838
nan
nan
nan
45.2719
27.1324
nan
52.1912
37.6154
42.2033
61.8252
67.1567
nan
52.577
88.3151
nan
101.126
91.2675
50.76
75.0065
128.551
141.659
nan
nan
nan
46.3878
nan
71.3045
nan
nan
126.143
44.9502
45.8057
30.9236
47.6329
52.4877
78.9673
78.5963
89.2963
47.3423
92.2164
61.7337
102.227
86.1412
74.6062
88.2836
nan
nan
102.884
96.2786
51.7766
nan
109.982
37.6818
93.1942
55.9129
43.6182
49.2792
73.4337
135.853
68.6893
140.579
169.527
77.8716
137.422
nan
54.1949
109.807
85.9904
85.2735
64.5675
77.537
66.2783
90.4043
44.8978
69.6171
nan
59.19
69.5688
61.7917
64.4281
72.0389
124.448
150.646
95.4777
100.545
116.77
109.649
102.354
76.2354
167.83
107.429
107.373
69.9281
70.8781
nan
66.5796
86.6305
nan
61.1371
58.4785
37.5591
31.0884
44.6728
37.5821
50.1122
108.67
57.6307
68.5479
112.892
129.987
98.9232
116.852
85.7258
86.1957
154.597
116.844
88.482
60.667
86.8964
68.5067
146.579
77.0548
nan
39.5839
nan
72.4152
46.0415
63.2748
57.8746
84.3732
77.9388
85.1423
82.5432
97.4946
120.015
nan
195.053
98.7808
97.02
nan
111.254
152.875
128.355
nan
89.8692
nan
56.8377
40.2608
80.4711
36.7605
33.6567
54.9468
35.4675
65.8573
76.0253
nan
104.018
nan
75.8419
77.0401
81.5213
83.466
140.836
75.0481
nan
145.814
188.237
103.27
48.4985
nan
nan
47.2158
nan
nan
48.0588
64.4645
53.6012
107.4
126.801
85.072
92.4612
122.97
85.2592
nan
nan
97.8895
74.6354
66.7356
34.5979
78.9093
116.378
113.032
nan
41.3433
103.161
33.1594
nan
92.448
37.8631
51.7416
43.6066
45.9512
nan
51.0746
91.5702
90.1336
105.32
172.196
66.7013
nan
75.3721
97.7834
82.7275
92.0841
67.5927
nan
101.633
62.841
41.2691
44.6914
36.7502
51.1402
115.183
56.3302
44.9403
99.6204
75.5468
93.2689
nan
86.1279
72.0859
108.972
92.6046
56.6529
64.363
64.0329
84.7831
67.7158
80.5438
58.5748
84.4267
52.5344
nan
91.1671
35.702
71.5173
88.0078
77.0814
88.9284
117.291
86.1473
49.8776
85.6344
144.958
122.674
67.2075
108.34
100.31
104.134
115.495
nan
66.4628
116.945
111.398
44.6209
52.1222
76.051
nan
52.2123
68.9721
21.5587
60.029
102.429
58.9509
61.4349
76.0925
103.065
78.6916
64.6994
55.0665
60.2001
81.7701
189.815
106.257
154.776
91.3812
94.5125
nan
106.577
58.3344
58.3423
35.6042
45.202
109.082
68.245
48.8384
41.0085
127.658
107.862
84.061
80.0272
157.809
171.856
186.854
75.5306
51.7049
172.993
212.72
113.193
121.506
130.295
101.921
80.3779
68.6326
nan
28.7076
49.0204
22.135
nan
32.9475
40.3131
99.6683
54.0626
109.265
71.0705
69.4026
103.418
94.2268
nan
86.6243
nan
80.0602
82.4155
115.209
86.9708
91.8332
76.0246
145.062
60.0474
82.7011
41.5304
nan
21.3711
nan
nan
65.9171
33.1777
nan
51.4511
nan
100.034
58.977
94.4844
57.3562
108.83
59.4658
85.4806
96.0845
60.2768
81.1299
46.8336
54.4782
68.6458
29.5603
58.9699
44.8295
33.6384
44.0471
97.1954
57.604
96.5109
69.7115
77.0275
116.402
nan
nan
99.1257
46.8654
145.492
105.976
62.0676
77.2462
nan
82.1064
76.7452
38.2277
61.2789
nan
37.699
64.9286
56.2503
68.575
120.722
152.44
108.696
83.0943
107.456
166.593
129.092
85.1368
114.248
86.0987
122.524
82.6571
47.9418
82.4414
54.9599
54.9341
38.9333
38.727
nan
9.1246
43.1972
38.0704
69.9477
126.517
70.4479
111.394
113.854
97.7052
68.7406
184.154
nan
82.8637
nan
85.9091
84.1407
55.7319
113.839
66.9706
113.841
79.69
nan
35.4053
nan
11.1786
26.6908
62.8044
68.9763
59.8534
55.8463
84.1334
136.17
69.4405
101.479
113.344
172.25
208.744
70.4115
142.235
142.05
166.475
109.897
nan
132.047
90.2557
66.5713
69.845
92.7951
28.0877
nan
nan
48.0715
88.3639
76.2489
104.28
95.3454
80.5376
94.4804
107.375
224.499
193.512
125.194
98.0802
nan
180.572
116.201
nan
112.456
201.221
60.1872
124.721
79.5288
56.1116
nan
41.911
60.6688
102.518
nan
75.8064
49.6483
126.307
61.8753
69.2254
107.201
87.0809
96.4754
98.6342
110.022
70.4625
63.3406
194.352
98.1611
129.674
81.0417
134.452
100.221
nan
24.3051
57.2754
44.0928
81.9968
63.2872
42.4266
78.3026
103.571
59.1609
79.5893
67.5114
191.445
144.391
267.856
130.342
163.613
93.393
83.5685
120.397
148.898
79.2517
nan
45.9865
nan
13.3876
28.1841
26.0089
35.1733
65.5622
147.45
48.6188
97.4027
129.364
60.3886
532.363
nan
96.8497
148.589
nan
113.136
93.1821
118.743
54.127
95.917
47.4016
62.1636
56.3744
54.0196
32.7597
36.2784
52.8805
41.1341
49.6872
43.5336
47.7376
93.565
85.5457
114.563
79.7202
131.96
108.066
97.0012
50.8309
81.2882
62.7246
nan
55.2963
60.4752
49.1756
44.4888
74.5772
nan
73.0598
66.8482
70.5067
78.9142
55.6132
125.103
57.0706
50.5574
83.0689
77.0761
293.977
98.5843
126.363
107.91
91.0325
76.3515
118.919
112.332
85.8308
103.42
102.068
51.213
19.529
49.9187
34.2944
69.9381
74.0983
46.7695
108.651
79.8921
106.858
88.6386
64.6218
89.0396
64.9104
106.729
85.0113
106.716
136.065
88.1536
82.1593
85.5814
nan
98.9926
95.6657
87.9095
52.4565
45.5016
62.932
45.2315
33.3674
35.1089
74.2892
79.2618
93.6382
60.6834
91.6548
138.212
311.647
188.756
221.699
99.0637
117.404
87.03
78.3456
192.893
85.0942
239.47
83.7719
40.2084
88.8225
56.4022
42.041
37.9881
46.2589
72.8055
35.5196
80.7774
72.3661
77.9856
59.907
64.7609
75.0109
65.909
39.3428
68.9004
165.919
66.8338
154.466
169.125
119.626
64.4237
64.8095
44.0226
53.4942
nan
52.7566
36.5807
18.259
26.8178
50.1976
41.8227
53.9545
62.8764
56.5214
86.3128
127.951
67.6543
66.8524
136.03
73.2714
111.982
118.847
nan
87.6175
91.7792
94.0062
87.8547
38.5884
9.1246
43.3152
nan
41.5238
27.3822
43.3904
46.1461
64.6161
29.5062
40.0939
89.1129
230.699
136.461
64.8057
111.463
165.94
204.091
129.819
117.295
nan
69.5353
84.4149
78.9389
77.1737
nan
36.0239
74.97
33.3488
78.8378
26.6641
195.349
114.971
98.3522
107.086
154.033
163.166
148.561
133.097
97.0309
97.0654
76.0417
95.4771
60.1129
138.328
84.2253
95.4777
nan
31.3619
nan
62.7258
55.5602
47.2092
70.0289
70.2876
98.9685
104.947
86.2438
67.7938
74.6864
135.685
189.338
99.6658
150.311
164.491
87.2591
116.892
nan
66.1565
123.522
nan
103.57
39.9648
28.8525
38.5178
41.6791
93.272
50.6261
74.8633
66.3107
67.8719
84.5433
69.2006
134.62
167.588
83.1087
nan
20.124
108.64
34.2184
94.8861
127.726
nan
88.7601
nan
98.9775
nan
nan
52.9974
28.3668
47.2998
48.1048
34.0803
54.6106
107.038
124.444
84.8514
122.016
111.655
111.144
181.424
85.4488
70.926
177.55
144.558
98.739
62.3645
111.193
nan
66.0316
69.2416
23.2209
nan
60.5863
34.9613
93.7951
49.0051
74.0934
126.36
58.1148
85.7111
112.28
75.0522
120.178
86.8959
54.5785
65.0242
nan
118.534
96.1136
80.6555
95.9587
104.292
nan
44.6836
nan
45.3734
43.3773
56.6131
38.7576
48.8182
36.5592
53.4853
79.7889
nan
92.4505
100.805
nan
86.637
134.544
83.5273
48.3514
100.626
nan
76.5526
nan
nan
66.168
43.5609
47.0134
nan
20.5072
20.2392
20.4168
52.2941
47.0956
64.3162
63.0408
91.3058
62.9831
205.942
299.932
101.707
80.3152
44.6423
108.466
98.6136
86.8152
61.8476
nan
nan
nan
nan
31.4249
72.414
79.2806
70.3871
103.173
28.2549
86.9832
119.87
127.919
86.5257
104.927
99.94
115.454
70.7474
139.501
nan
96.2351
69.8232
66.4492
62.1215
56.4229
63.8639
nan
nan
17.918
43.8445
54.7088
53.5809
53.2392
124.733
106.818
93.4841
59.5764
70.6847
78.9678
102.009
95.0601
83.2341
73.3377
79.3838
116.321
96.7108
121.139
nan
111.693
111.62
53.0143
51.8782
35.1055
nan
39.9273
33.7941
52.5438
76.8446
92.9523
172.608
108.102
69.935
108.372
127.868
83.8921
151.5
121.419
150.556
87.6447
nan
119.676
154.246
103.953
119.325
134.335
65.6684
32.078
59.4099
64.5995
22.1754
65.1778
nan
93.6329
100.24
71.4774
82.5082
90.133
167.938
97.993
58.102
90.7532
50.7893
83.8376
138.25
165.821
127.489
71.2844
85.6913
67.8776
98.1528
44.8231
76.2346
25.3534
31.3795
44.3326
74.9948
62.3978
74.1461
77.7121
97.283
86.7585
150.63
83.3608
120.826
73.5994
70.7267
123.662
nan
155.75
83.112
76.2659
89.5424
58.6988
53.7776
33.6884
57.4304
74.6955
36.8831
70.5762
39.2343
51.7755
66.5366
54.6837
73.2241
74.561
76.7064
99.027
nan
94.6581
67.575
133.286
97.7377
200.535
107.262
72.2579
127.415
nan
65.4246
nan
34.3558
14.3017
nan
nan
51.2606
61.0708
69.5188
75.6185
107.031
121.374
278.632
272.7
nan
113.373
129.271
84.3166
85.7813
133.157
nan
104.495
nan
65.6253
nan
64.8861
114.793
50.9362
70.767
36.2459
343.808
199.29
144.767
72.941
45.5478
224.504
110.387
78.4771
181.449
79.5475
153.206
122.801
78.9399
88.8079
108.768
148.666
66.3906
nan
78.4081
53.9861
90.3249
95.879
73.3939
87.8978
75.5873
90.604
96.7179
nan
67.4398
76.7312
158.224
186.225
87.3573
192.47
248.107
266.206
75.839
168.797
113.988
85.6272
97.2767
nan
46.2225
48.859
98.4331
45.9181
48.1043
70.6515
57.2254
50.6299
59.5674
99.2369
78.7256
145.668
94.1367
115.241
nan
109.152
80.7257
62.8887
155.255
82.9149
82.8414
101.647
109.382
52.1746
nan
18.9936
39.1624
9.1246
32.4253
77.4881
71.2028
56.763
80.7813
131.219
109.64
96.2848
114.404
126.62
224.849
127.528
188.686
135.585
116.596
nan
99.1873
116.885
87.829
81.4828
60.0993
72.9069
97.4667
31.9973
31.8772
45.7784
64.1315
90.8815
95.8088
nan
48.7828
125.825
154.419
108.224
81.0133
146.647
133.378
77.761
nan
63.3716
115.332
91.9507
119.327
88.0548
37.3349
nan
37.7226
71.1946
30.2387
40.6353
53.5646
74.535
nan
89.588
91.2592
61.7172
82.8195
87.8755
82.1236
78.0356
94.2613
82.7822
67.1976
60.5036
96.596
95.0604
68.4757
53.0162
75.6086
nan
71.2761
33.6184
23.5748
nan
nan
nan
95.1933
65.2046
66.1709
65.3872
112.349
130.015
102.878
76.6594
113.635
130.483
60.6695
64.0927
105.902
74.7796
nan
58.1432
35.0869
nan
77.4862
44.2233
59.2842
110.369
81.8246
163.277
112.946
110.709
113.275
109.422
94.6787
116.373
56.0451
63.388
46.2173
99.5401
71.3091
127.571
79.7979
97.0304
97.2124
61.802
66.456
82.6064
44.3594
90.1961
38.4708
72.6569
127.415
83.6655
141.184
116.516
49.9066
81.7241
87.3193
175.519
158.079
179.467
152.954
68.0633
72.5432
62.5428
44.3617
nan
56.8224
102.606
51.5433
nan
45.7647
33.2568
50.5228
73.5725
70.1598
90.5807
nan
68.0359
118.493
52.8655
117.225
165.564
72.9826
126.343
228.841
nan
126.476
136.576
nan
nan
68.5058
84.3037
85.5058
31.1805
45.4277
43.6338
65.641
36.2397
38.419
86.201
169.74
77.8152
85.375
98.4165
150.894
275.71
97.6332
57.8623
79.5541
66.7848
79.3349
106.464
85.5883
79.1594
nan
60.2701
60.2207
51.1132
62.6436
43.6721
52.6484
67.3865
48.3092
72.6776
89.1671
129.561
94.9133
114.805
70.458
98.7339
99.8362
50.5706
91.3119
168.048
78.5308
102.014
70.6953
44.8265
87.5535
51.6136
36.7496
21.399
nan
75.4625
22.5208
63.2242
nan
nan
53.5915
88.0846
62.1663
59.1335
118.015
84.7115
50.3945
122.032
55.5853
142.23
96.0994
136.321
nan
124.981
57.8436
nan
43.4077
40.7375
25.8634
42.2359
30.0478
35.6734
nan
130.479
72.559
54.4119
82.3025
170.175
310.61
398.857
83.9668
93.5074
122.826
nan
95.7172
76.1059
64.3121
69.5797
93.25
52.4242
35.2167
nan
53.1573
56.1434
50.3951
57.6701
53.3127
130.542
158.283
57.3443
102.716
119.882
86.5859
218.864
156.746
109.512
101.422
58.7205
81.6945
72.4844
63.2619
61.5835
nan
nan
54.3138
79.0809
31.5757
22.2993
84.7187
84.1169
62.4386
64.6161
101.739
nan
124.058
89.5417
111.966
141.12
137.204
117.855
114.531
74.032
nan
111
111.866
70.8978
67.3694
78.7718
52.4163
56.5185
45.2896
32.6459
93.2963
nan
70.1617
58.7362
160.014
99.3657
73.4955
99.8953
122.972
nan
122.302
84.3929
147.689
35.4799
54.2312
108.555
140.374
90.5391
47.3751
89.6839
61.1669
63.7485
79.0065
33.9587
22.0253
nan
76.7724
92.315
80.0073
62.8445
118.912
90.4358
nan
131.131
137.629
62.8087
95.212
87.3561
75.5376
69.455
127.747
59.0495
102.731
89.4737
43.8027
38.6796
30.6632
58.024
nan
75.3515
57.7935
67.2168
54.9726
133.226
117.033
139.971
60.3745
133.795
98.4361
116.317
78.6941
83.9585
69.9362
87.998
159.423
45.3749
96.1349
nan
69.6027
nan
nan
40.4727
35.7793
37.2279
55.8174
51.2721
75.3577
72.8526
84.8691
79.7125
65.0726
124.578
71.1583
62.1778
127.426
122.581
nan
107.473
nan
119.048
nan
nan
38.2918
60.5216
38.987
35.8689
44.7098
86.6276
nan
76.5772
68.0272
113.269
54.1311
46.2587
98.9997
180.28
34.9151
95.6917
107.199
48.4978
77.6869
83.8975
119.729
93.0357
nan
nan
126.407
38.2157
31.5698
35.2838
38.7299
78.7675
53.8787
129.511
133.326
70.626
72.9108
62.827
81.0902
119.82
135.742
45.5172
61.9906
96.9002
73.7489
94.2011
85.6609
nan
114.869
57.7445
96.552
17.7719
59.1357
42.2283
46.0178
68.6415
58.8041
51.2528
42.5249
48.7608
83.5908
186.478
126.917
87.3781
88.5498
66.4651
56.2727
63.5485
62.2559
99.6829
81.0102
nan
57.3482
nan
51.0951
28.9619
72.6243
nan
35.1951
nan
64.8615
76.3178
104.268
119.644
94.6536
184.164
160.532
106.947
123.035
nan
111.646
104.887
nan
nan
111.651
86.6155
nan
43.2337
46.4657
29.4032
40.3066
39.4234
49.41
50.2978
48.6142
118.037
94.6295
61.7769
86.5062
102.861
91.3138
117.742
148.7
97.3277
171.878
77.3146
141.41
80.7371
40.1689
72.2597
132.693
nan
27.9055
39.4124
34.5547
46.1864
28.2317
nan
48.1615
78.9573
56.196
59.9305
62.1653
66.2725
102.591
76.0982
75.1947
73.0423
49.416
81.1569
91.4746
80.9173
92.9971
75.332
104.465
73.4835
35.4926
nan
nan
18.4974
40.7825
74.3632
57.2713
nan
62.2776
nan
nan
137.219
85.6503
76.6397
93.888
61.279
80.0567
123.438
nan
87.4217
49.4921
68.1049
86.1634
119.101
33.2884
39.695
nan
43.532
45.3243
79.9091
72.3618
64.6587
151.752
nan
69.3243
71.5502
131.444
139.776
43.1673
86.1857
109.625
157.543
52.4241
95.715
65.2435
115.377
73.1783
33.6805
nan
31.5319
38.4556
14.7803
37.528
36.6098
38.5077
85.8786
nan
89.7088
91.4925
51.365
73.7283
91.6255
144.84
49.7439
59.0745
79.0768
102.172
75.3607
62.7225
38.7271
nan
57.1337
43.3569
17.5172
45.2936
48.7884
nan
75.4763
66.4819
70.7512
90.6432
68.7206
77.3988
100.918
126.594
95.03
213.169
101.969
92.2205
59.4052
86.2892
115.734
129.226
135.174
87.4176
62.7996
nan
32.2687
34.1331
89.9194
13.7487
59.7178
77.2717
71.5284
106.016
128.511
67.2933
87.1834
nan
nan
74.4598
40.6996
172.25
82.0309
96.5289
nan
97.2963
120.75
59.6676
76.7425
nan
nan
38.6502
nan
61.2823
40.3476
41.3408
53.979
65.5925
95.7803
81.6432
148.645
103.054
58.8
87.0816
77.3373
82.378
47.3901
106.917
100.31
107.5
85.538
57.7838
125.086
37.6215
55.2191
28.0645
52.9048
43.5658
57.7
67.0015
51.4087
nan
nan
61.2365
86.127
147.14
101.507
61.1689
103.475
138.299
75.5968
49.5144
99.6463
nan
153.097
81.6222
82.9519
57.8563
26.3677
25.8007
35.7933
88.9905
78.4338
45.2354
nan
35.6886
62.3153
83.8936
65.8853
111.091
126.946
77.9741
95.9925
103.992
93.4869
112.391
157.662
103.91
nan
142.744
61.0264
33.4925
35.8688
65.6009
9.1246
55.8239
nan
nan
73.7944
nan
50.4618
97.5014
97.2244
177.014
203.939
302.104
74.467
nan
106.364
79.959
nan
107.614
88.541
78.3841
43.8256
28.3852
68.6813
91.307
67.9934
66.963
61.0597
66.8083
116.013
76.3207
113.754
110.136
nan
146.464
240.628
77.66
46.0299
nan
132.594
96.5363
89.643
58.0812
103.115
74.9681
43.9578
nan
22.8601
36.1442
69.3374
29.6661
62.2227
86.0775
83.1658
nan
78.0116
70.7219
148.642
93.9857
81.4623
90.0272
137.629
145.855
91.0658
nan
159.52
141.687
104.712
124.112
76.9247
nan
nan
34.7924
49.9499
34.2002
81.556
49.7415
70.6103
86.9847
83.0105
84.8601
95.1685
99.6608
50.7372
69.2371
69.3881
107.714
113.402
nan
nan
135.871
100.234
87.4618
48.4266
62.0836
28.8502
67.046
29.4691
24.0586
66.009
54.896
90.7622
78.4455
85.7428
82.3744
153.999
87.5441
126.011
nan
65.9147
91.7337
103.064
159.253
92.9212
86.2328
87.5285
62.5738
65.0297
nan
36.2541
42.9952
71.6073
nan
69.2249
51.034
55.6823
73.0874
130.78
82.3661
67.4354
107.073
100.318
111.112
74.0012
171.213
nan
72.7114
101.516
132.649
76.162
73.8368
97.5738
nan
nan
36.4681
41.353
50.2474
43.8609
78.7671
63.8671
58.4371
73.2752
79.6695
85.3131
77.3346
122.208
84.8729
64.4414
97.2445
69.1091
144.595
nan
104.564
137.254
36.957
46.4764
nan
70.6466
nan
nan
92.2586
71.0501
81.3289
56.4164
104.302
74.0785
82.7957
72.3817
59.8078
170.429
146.602
50.9444
91.3612
94.8666
112.271
nan
42.127
161.779
158.743
100.755
nan
18.9895
62.8677
50.0966
72.0475
89.2137
194.243
87.9924
112.418
67.0908
95.4852
166.553
191.74
137.042
68.8184
67.4969
94.9666
70.2395
68.8655
66.1525
60.0132
84.7181
67.5281
nan
54.3437
44.8239
41.6625
58.5673
55.3384
113.762
62.2068
114.97
89.716
103.843
72.1345
70.3976
55.8941
174.317
102.956
146.831
145.423
135.267
138.388
111.051
123.507
61.9764
89.0749
85.3709
47.773
9.1246
46.4753
44.4869
86.0416
84.0997
54.0133
86.9649
131.859
108.635
109.539
186.707
107.004
80.8347
115.807
87.0982
120.18
74.6005
nan
144.042
84.1602
88.882
111.27
47.0348
33.877
nan
45.4034
61.5662
44.5613
121.876
42.9887
55.2811
168.644
nan
82.7533
79.2064
115.798
109.142
126.543
nan
104.218
94.2124
151.366
71.0957
98.2748
112.336
140.335
123.744
57.9863
90.6116
50.6405
82.4041
90.8072
92.5284
49.5204
96.2559
71.444
87.8135
48.1825
97.5477
117.285
168.116
81.4752
145.611
133.376
149.923
75.3314
105.361
71.0917
nan
52.0574
111.102
nan
27.2263
33.9784
16.1763
30.6918
45.3093
45.7973
109.807
91.4143
105.288
61.1861
129.502
80.1098
67.796
107.231
89.2618
69.5654
73.6573
nan
nan
46.1089
49.4658
53.8447
47.1779
83.8335
49.1735
23.5164
24.2097
29.4118
58.1307
74.2623
55.633
80.5044
85.009
88.8102
67.7231
112.569
107.688
43.2141
148.042
91.6019
89.3334
134.028
81.1088
67.4964
52.354
38.9817
68.6919
42.2506
42.4583
50.6767
38.5419
nan
83.6281
106.261
103.471
101.728
62.0391
nan
108.428
182.076
197.273
71.9959
38.0687
77.2412
148.835
101.453
103.781
nan
67.1583
70.5939
51.6043
12.4259
65.8284
nan
79.3721
91.887
56.3833
54.8143
73.6952
89.6449
86.8562
59.4578
90.5982
127.016
78.7474
102.817
166.989
107.14
65.9809
157.689
104.384
121.407
90.0222
36.2165
58.4661
65.3679
43.5836
43.4369
33.8013
nan
48.0142
113.192
58.8485
87.5474
57.1266
89.953
106.806
95.1777
nan
140.007
115.366
197.768
115.791
108.775
nan
nan
88.0824
nan
nan
43.9527
33.2742
30.039
30.3167
51.7084
43.0709
44.0505
111.092
117.478
58.5422
69.5446
93.2695
81.0473
114.698
121.708
107.72
nan
115.688
50.591
121.702
81.6455
85.4192
nan
nan
nan
49.7502
32.2444
nan
43.8914
70.2572
50.7306
89.1654
59.9937
84.0553
63.9893
110.407
82.3319
122.14
73.5008
106.105
57.8123
82.064
60.3024
64.1641
77.9798
58.451
175.322
76.4349
30.3143
35.8456
nan
nan
21.5137
60.8918
44.4126
55.143
51.5824
98.4028
92.211
114.766
118.463
79.1362
71.0454
118.375
64.8472
130.033
114.344
nan
85.9842
70.1093
nan
89.9685
44.5505
60.7168
nan
28.0957
51.3313
45.3281
50.2041
85.5843
54.352
99.0562
61.5517
67.267
101.142
103.329
63.4581
69.9644
93.199
78.5183
69.5501
118.275
72.0166
73.0491
110.121
nan
nan
46.5583
63.9769
78.1568
106.673
86.6198
84.1458
199.067
78.0006
98.7903
95.8733
131.463
135.739
65.9593
205.898
70.6398
75.131
41.0742
120.276
63.5717
79.8949
nan
79.4864
nan
38.7346
38.616
55.5402
35.7287
nan
61.2038
59.2782
84.1267
165.526
87.6749
100.435
95.103
109.555
117.092
92.184
143.817
111.805
nan
57.1245
74.8631
92.5783
120.711
130.826
91.8138
69.7101
51.6651
40.6809
53.0203
66.7563
62.0493
72.4646
89.2409
70.1801
82.2099
56.9095
91.7422
184.793
nan
85.4903
116.851
nan
nan
78.2311
95.1716
82.0173
105.019
54.2306
58.283
nan
72.8992
32.3459
21.1158
nan
34.4381
69.5233
101.409
80.5531
97.4008
70.7654
99.7369
78.5585
109.371
74.107
118.329
196.399
192.049
116.934
91.306
80.4231
83.1597
80.8179
66.7424
55.4934
103.9
nan
32.7978
75.6119
90.7832
72.3381
54.1268
92.6949
82.9265
77.1638
65.5638
98.6351
64.0698
nan
55.2712
121.735
98.87
102.57
88.4224
81.3862
69.301
nan
64.2826
nan
nan
64.6318
25.6953
61.501
49.7761
81.8923
75.5891
nan
51.1511
128.311
66.1766
77.092
72.9361
42.9702
102.067
85.1199
66.4989
nan
76.503
148.433
83.5375
104.369
nan
39.7437
33.3567
nan
106.084
89.4993
90.2241
93.4548
47.5068
66.4874
47.5636
72.9523
45.759
127.932
121.471
60.2736
93.7179
84.778
133.942
90.3976
68.9225
74.9175
94.7011
59.732
77.0364
nan
41.3268
38.3615
95.5529
59.4413
78.794
57.7313
nan
105.255
103.579
55.7701
99.2843
70.5219
72.3207
148.312
98.0371
49.8564
39.0768
93.6232
64.156
62.4083
78.7499
nan
66.6138
nan
31.9672
9.1246
106.864
35.3347
36.9514
79.0243
101.785
80.5468
81.0124
66.519
107.196
76.9034
70.0038
80.5523
86.1487
140.216
90.6716
80.9702
81.9318
79.9235
nan
61.2042
77.4943
nan
25.4575
50.0927
44.3624
81.1316
71.9741
84.0278
73.2103
79.6299
127.377
98.9861
85.5327
78.657
56.5961
142.898
182.977
106.028
78.3726
67.2886
94.4539
108.501
132.653
99.9909
63.2853
49.404
nan
nan
37.8823
nan
46.671
37.8333
92.5242
136.385
79.2937
60.2598
74.7285
104.433
81.5223
118.765
110.537
87.5391
77.0926
70.0017
24.1991
70.817
85.5432
57.9969
nan
69.1155
52.7596
21.8133
66.1203
44.892
18.6038
48.6888
61.3223
53.3087
nan
95.7821
144.468
66.5812
58.794
172.442
68.6499
nan
84.1363
54.1111
nan
73.3827
125.223
60.9616
nan
48.282
40.2935
54.2316
nan
51.4902
45.4943
61.6839
64.2588
135.867
62.4093
105.47
56.6802
nan
75.1342
nan
37.9296
27.4934
57.7046
69.713
120.439
82.1007
96.3929
68.2276
97.2519
nan
61.9648
nan
58.9452
16.58
34.0178
45.3328
64.691
60.9956
85.077
105.858
nan
nan
197.161
230.809
104.672
199.162
97.3821
150.823
119.796
77.9727
nan
66.9626
71.9529
52.0538
39.4854
63.9195
75.2538
72.6441
47.0542
87.7201
141.223
64.8587
71.7363
72.8951
nan
102.519
138.853
88.4134
73.807
74.4913
71.1406
64.413
67.1096
56.3592
100.195
42.0144
106.87
44.6891
96.514
51.2926
46.369
45.6628
76.5177
66.7937
102.913
86.2022
79.2039
58.102
99.8618
92.453
82.7551
158.614
nan
108.849
128.45
73.0578
95.1734
66.7266
nan
54.3402
47.4984
110.341
nan
40.2362
43.4322
54.0518
102.78
56.9431
74.37
116.533
60.6254
94.5925
110.104
92.7986
52.961
83.1892
94.7496
69.6168
55.6042
53.6157
77.7361
67.5911
81.0854
82.3454
63.8514
64.304
105.292
44.3577
nan
40.9926
57.364
43.9364
54.4967
67.9166
75.5303
84.1885
98.7006
113.787
86.9244
63.8271
21.703
64.0448
55.3493
153.879
nan
83.1048
134.851
55.1591
141.06
nan
nan
52.9144
16.0822
nan
57.4294
50.2879
67.1546
89.1186
52.8289
95.3654
87.4983
127.435
87.882
79.8223
142.99
67.0225
80.6477
75.3166
105.373
104.403
93.8661
68.8373
125.819
49.5949
28.0992
92.5653
42.1279
nan
58.6907
96.3508
64.0411
62.9586
61.7954
47.4793
94.8866
111.041
106.512
78.4976
70.5142
71.8933
nan
83.5526
73.1062
116.757
150.279
53.2714
116.128
66.6755
nan
15.8462
nan
60.6799
45.5922
45.5368
50.2536
50.3966
105.382
101.098
102.769
143.783
125.069
nan
94.8307
89.4438
119.934
85.9975
99.8986
99.9514
72.0788
58.9869
41.0549
nan
nan
66.7587
72.0655
81.7147
108.387
67.0267
80.05
128.66
91.2553
153.011
55.1364
124.792
nan
58.9464
76.6874
77.7864
80.4364
148.625
119.213
nan
83.6723
98.8884
nan
17.5989
50.6488
97.1352
92.7792
57.3969
71.3241
51.0177
91.4683
71.2643
62.876
86.412
83.7823
nan
121.042
102.667
120.282
178.668
109.642
167.625
93.6873
nan
77.8848
43.9812
94.9321
49.5501
47.7579
61.6675
74.9902
36.9631
37.4451
101.616
60.0135
106.337
64.6217
65.7061
81.5839
78.7793
154.791
82.1114
62.674
139.686
94.105
123.175
nan
nan
nan
96.2414
48.058
85.8915
51.91
46.1092
66.8037
81.2996
68.3234
76.0927
70.4484
81.319
138.378
114.859
122.792
112.092
nan
113.101
87.7975
92.2471
114.615
131.262
105.957
127.802
62.4727
83.8956
nan
48.1504
40.0982
nan
51.7566
56.5205
93.3811
77.6402
77.5447
66.8908
115.903
72.7758
114.073
48.2603
82.0461
82.8174
94.1309
nan
112.643
87.6504
nan
nan
73.8951
57.7179
nan
41.6556
15.5645
123.669
55.2131
30.0521
66.8166
33.9397
64.8595
87.8941
52.1312
54.9687
82.3991
66.2518
66.9608
170.024
98.6132
103.678
104.843
74.2919
143.572
36.5108
70.7322
nan
68.1469
35.876
40.5804
nan
46.0171
nan
32.9747
51.8684
71.9758
94.3279
69.6711
54.9421
52.1972
76.4631
70.4663
62.9344
64.7771
106.438
108.899
95.4596
60.8771
63.1248
106.695
83.08
39.0224
32.7407
41.4595
107.084
96.3161
59.5863
56.973
101.167
85.2814
103.564
73.9934
64.6309
104.915
66.9511
120.504
94.7294
96.8549
69.4873
123.287
27.7652
38.9614
44.9736
nan
67.4258
92.8627
74.1695
86.7509
77.2161
90.5322
nan
42.0835
59.6872
51.4831
134.211
71.901
68.264
91.6404
139.616
136.458
88.1993
85.4405
162.832
nan
73.6057
137.405
80.2471
69.9351
153.685
45.4584
46.3194
21.351
60.2176
40.0592
66.9934
61.786
36.1845
75.68
88.6646
66.8313
50.5337
111.426
203.188
92.3798
76.5877
100.776
64.8973
83.5688
160.553
88.8739
nan
125.482
85.4223
77.814
70.7392
20.9454
96.1677
56.7505
57.8091
39.9098
nan
55.5953
60.2816
59.3015
61.9561
95.8056
85.1148
65.6093
59.6203
115.868
135.334
nan
69.7737
nan
129.198
nan
132.155
nan
nan
nan
nan
nan
26.3058
48.1392
48.6128
78.808
66.5171
79.5594
90.9806
51.577
72.5375
89.2675
60.4012
nan
87.0989
nan
70.783
nan
75.122
78.6574
38.3194
86.5448
nan
nan
49.7447
nan
43.5729
54.8373
49.708
53.6087
79.8582
61.7103
68.1518
80.5728
88.9661
80.3108
nan
nan
90.2485
174.592
156.926
125.186
92.5617
218.41
137.832
183.316
nan
nan
95.7252
72.256
30.9875
67.9844
nan
80.9677
114.715
62.5719
60.4163
248.271
137.885
191.008
210.578
129.843
nan
176.384
143.782
70.5912
99.6946
nan
nan
85.133
nan
42.8878
59.7491
73.3167
47.4995
87.9289
82.1738
91.2581
140.31
82.9769
98.5
133.912
158.313
nan
84.1502
83.2269
nan
130.16
82.7504
95.9572
nan
nan
107.976
109.001
49.3596
93.893
99.0719
110.601
86.6907
127.07
159.303
100.735
130.843
108.718
113.597
217.501
239.231
270.99
191.97
nan
306.208
245.358
216.507
111.761
64.6312
192.738
nan
93.3103
nan
nan
90.6385
nan
91.4365
117.757
88.5824
173.724
97.9092
74.8803
142.943
104.459
182.568
nan
128.232
86.3124
184.83
173.547
nan
nan
nan
nan
114.715
70.3934
37.751
49.9327
86.9285
nan
103.642
180.553
37.6363
54.4319
174.141
64.4788
68.8204
75.9929
89.1914
70.0477
96.8325
nan
123.567
nan
99.107
46.0176
81.6483
116.465
87.6598
109.185
nan
nan
9.1246
70.4886
38.4071
65.0097
60.5945
49.0521
77.7621
72.6453
54.9252
59.8702
111.668
72.039
100.783
62.7625
74.0746
79.2441
73.4095
72.7278
106.189
88.246
nan
78.5326
nan
72.3621
10.9495
81.4189
55.5395
60.6938
46.0315
73.0844
122.063
63.5306
nan
68.951
98.7732
67.1241
nan
63.3263
75.9887
81.1838
141.352
180.46
79.0346
113.466
88.166
55.8137
84.7885
nan
58.1542
36.0372
74.8284
44.4591
45.7443
nan
48.9124
49.4969
92.0668
54.4085
80.33
80.3926
85.4681
nan
78.7458
75.8096
112.574
nan
82.6987
68.8217
nan
51.4984
nan
68.4934
114.158
43.3184
nan
54.2327
65.0063
139.428
95.3056
75.3853
82.1562
97.9438
68.5945
90.5156
94.4686
53.6863
64.4568
118.877
117.462
112.459
94.3484
80.476
70.916
33.8651
52.2568
36.0869
80.9729
38.8033
41.932
63.8927
96.9828
136.986
122.545
121.303
77.5486
119.499
86.5163
103.509
86.7338
112.081
106.079
79.1297
nan
98.3714
98.0933
nan
67.2326
73.6984
nan
53.2094
71.2207
59.4647
82.656
76.0104
51.0814
73.0108
84.3173
65.3528
66.6722
74.1817
nan
nan
74.6066
109.085
nan
nan
85.1964
nan
145.867
98.4281
69.4795
33.9938
nan
61.5515
45.9906
27.7709
64.2823
52.0886
49.766
52.9503
76.1856
118.45
109.485
71.195
108.837
113.678
64.8241
nan
96.2855
169.013
123.094
116.902
80.1177
60.6479
75.6459
108.207
nan
nan
22.8391
51.3561
39.6997
22.3908
51.8373
118.261
65.4964
66.9653
58.6401
109.085
88.5162
73.1066
63.9411
49.5294
161.652
66.682
58.3935
nan
108.516
142.613
89.6554
121.842
56.9337
45.4679
110.762
70.1115
94.803
nan
69.2533
55.5719
71.4981
76.3862
nan
98.3828
69.2595
126.933
110.663
62.473
58.2324
102.935
nan
121.179
97.9295
nan
68.2876
100.445
35.2799
30.3975
34.111
27.2179
51.6713
34.491
nan
33.0736
98.7936
54.2968
81.6181
78.7799
57.5785
86.5716
23.8527
121.823
86.4281
61.6534
87.3842
73.3567
81.9447
44.1081
70.6699
nan
41.762
nan
40.7713
40.1179
46.8629
58.8747
59.0264
93.1544
107.781
134.072
65.3979
61.8773
70.1775
149.662
95.7504
62.5949
nan
95.0497
70.4068
77.5471
87.5359
nan
55.1341
15.9055
52.3431
35.7714
22.0687
76.602
56.6152
73.5542
94.3687
105.858
83.3316
49.6648
91.558
156.25
197.924
354.162
69.5229
103.395
66.4425
116.858
79.9609
126.333
125.936
96.8098
nan
169.382
nan
58.1727
nan
14.9642
47.7713
82.1781
104.28
99.9515
84.9668
84.9218
135.878
135.321
102.952
122.095
74.9793
79.591
97.1409
151.551
nan
110.016
96.3884
89.7354
57.5016
66.6787
40.6195
nan
86.2866
nan
13.4887
63.4187
98.5325
77.7073
70.8785
81.0115
77.6317
60.7054
76.9457
80.7173
59.4633
130.296
75.321
41.1165
57.9911
101.24
72.0818
155.191
135.789
94.158
87.1704
nan
nan
nan
149.547
88.184
55.4885
69.7886
71.9658
66.5889
nan
67.3341
148.693
53.1896
nan
123.134
126.073
41.8878
92.2536
64.015
119.314
146.262
100.008
78.1079
nan
38.0759
nan
nan
52.8442
nan
60.8856
82.2335
65.0675
52.7316
102.551
122.288
74.1837
139.372
71.7227
nan
nan
96.7094
132.606
130.121
166.189
230.346
149.665
nan
49.011
88.4563
60.4701
nan
86.4837
11.7894
132.105
70.7615
118.198
71.4332
57.4494
159.754
132.109
264.547
175.01
nan
nan
146.847
83.1896
107.469
nan
nan
102.149
76.2335
56.6968
26.8485
37.6628
79.2432
83.4321
54.6124
112.282
112.889
101.423
112.186
51.9632
59.5527
68.9267
68.3109
63.6708
104.17
90.9297
60.7199
79.621
59.0332
69.6482
70.1072
41.1441
nan
nan
43.2148
nan
47.6355
nan
41.5547
56.0865
96.8674
132.257
85.2059
61.4553
65.563
66.7981
65.4825
80.7996
133.239
51.8619
121.874
132.19
118.926
75.9114
73.0697
96.1239
96.0295
nan
nan
nan
22.2351
26.789
38.9216
50.953
54.0668
70.7358
83.9907
88.2266
75.777
91.6494
81.2124
nan
143.428
132.234
34.62
58.1228
74.1876
125.648
51.5952
84.4917
81.5538
nan
nan
nan
52.2823
67.1315
35.8537
125.034
77.944
101.251
57.0963
123.472
84.7794
108.727
106.455
52.3604
104.931
95.2607
89.8202
62.402
58.7087
48.6643
nan
91.8922
52.9972
30.0047
51.1039
18.1757
60.6674
29.9857
46.4088
47.2775
125.477
66.8131
114.859
67.8443
72.8115
107.238
76.065
103.628
125.678
111.003
65.6408
120.755
155.884
nan
nan
nan
61.941
nan
41.5405
nan
77.5616
25.2931
61.8236
57.7854
105.875
78.8456
85.1143
65.4678
74.7521
49.0833
108.317
nan
nan
86.3671
81.2272
83.3528
nan
119.846
81.5076
73.0779
53.5963
74.5682
28.52
41.1881
88.0889
64.1072
68.182
37.4016
nan
50.2064
55.4958
78.8922
95.0936
125.001
182.377
74.7309
85.7296
nan
80.0524
nan
nan
40.4554
85.3977
66.5614
nan
35.8044
26.0544
106.705
65.0873
38.8893
46.6229
46.4071
79.6929
77.4217
90.9515
186.746
98.8059
nan
63.2718
62.0219
195.674
203.995
103.322
102.286
70.7365
nan
44.2254
116.921
23.3225
29.9977
85.4333
47.8947
nan
nan
308.185
137.521
