103
175
309
399
361
195
305
324
304
447
312
512
408
423
367
306
124
52
82
168
240
420
494
337
306
211
172
76
68
66
132
124
141
79
89
38
88
85
183
169
153
85
97
146
150
227
369
498
296
322
227
79
191
185
48
201
227
148
130
158
136
259
236
146
114
73
32
82
82
188
291
383
233
331
328
151
167
192
76
27
52
91
162
45
19
106
293
186
177
69
27
14
28
84
91
329
497
335
307
328
183
194
78
267
214
99
113
60
100
333
176
59
105
72
45
32
65
86
152
245
112
302
29
42
30
57
24
85
112
21
97
414
383
168
297
187
151
107
22
63
52
47
135
180
337
165
185
367
208
310
324
297
366
462
368
426
447
422
204
158
85
44
67
87
58
202
330
389
497
674
649
810
761
523
768
652
532
565
469
461
544
680
423
302
264
177
152
118
211
250
368
448
277
298
220
272
244
219
285
360
315
140
51
70
78
80
138
290
238
180
126
134
135
290
399
538
327
283
577
419
301
683
170
322
97
34
47
67
28
211
177
205
153
187
48
86
100
123
190
342
425
252
338
536
410
242
166
240
35
59
102
123
114
175
270
454
179
287
107
70
43
96
201
393
692
556
619
696
603
158
65
141
297
130
139
48
223
139
315
377
356
286
107
78
67
70
153
439
362
735
349
277
271
397
254
346
326
473
378
273
203
291
282
263
241
232
85
62
52
50
196
246
435
434
517
556
83
49
50
55
60
81
104
52
57
693
474
312
144
216
179
225
341
487
560
226
228
76
122
140
126
145
184
122
126
172
135
264
580
440
631
241
255
166
137
153
281
354
600
341
228
435
227
272
418
119
424
283
30
83
181
37
74
249
115
323
427
104
86
76
86
83
215
236
280
188
400
560
202
79
7
217
141
203
145
35
96
123
165
490
185
156
98
53
62
53
139
442
480
529
554
369
215
538
nan
9
147
154
81
97
179
325
486
763
516
182
47
64
68
62
216
499
708
201
469
334
456
435
114
245
39
193
402
259
205
322
373
408
246
189
140
67
62
90
60
324
403
649
330
655
448
216
17
179
95
228
178
189
158
339
218
253
271
247
98
28
25
74
108
294
346
338
491
232
40
25
14
38
90
103
110
38
260
464
580
277
232
150
86
208
207
268
348
193
321
231
246
174
134
124
138
189
50
39
224
566
261
603
407
376
238
167
92
80
234
302
490
247
165
169
528
444
241
68
146
49
72
263
61
21
81
131
209
568
325
225
81
87
93
129
261
420
249
411
372
604
320
640
115
121
153
126
64
45
84
64
492
314
329
182
86
36
34
49
211
302
386
241
231
403
321
85
51
86
175
246
142
137
256
105
420
615
452
163
141
64
99
83
185
351
304
411
383
498
164
390
135
161
63
190
352
304
140
295
465
679
218
262
93
54
47
50
115
317
539
406
423
718
533
681
57
435
411
562
272
415
160
440
535
491
369
281
109
36
46
58
158
201
419
410
383
218
122
81
17
38
54
122
79
133
540
646
418
298
168
130
118
200
124
387
428
446
214
169
82
61
131
143
47
137
361
245
172
255
439
679
620
449
195
128
117
153
239
281
561
774
424
301
698
194
286
227
136
23
44
82
106
118
109
403
202
208
163
233
140
43
53
125
211
424
227
276
229
367
247
550
303
287
190
200
428
88
127
325
675
729
263
140
83
78
148
192
189
525
712
694
722
759
624
574
476
305
229
129
336
311
307
321
354
607
214
237
88
26
29
78
162
226
703
209
391
577
497
460
319
366
232
425
348
178
178
389
376
785
368
222
77
44
45
78
74
185
347
609
539
403
417
645
306
24
244
138
215
137
229
321
258
231
257
175
36
22
34
80
87
218
323
336
375
133
95
27
5
49
43
58
50
23
123
329
343
152
158
69
96
123
230
417
320
336
257
322
281
164
38
54
53
129
560
204
366
449
628
481
428
225
102
104
14
193
190
308
453
434
328
355
486
299
285
457
263
579
514
406
169
528
367
336
302
173
219
126
65
54
89
112
163
370
479
403
561
512
448
475
479
301
474
272
92
65
36
61
207
187
194
247
202
289
198
305
516
568
680
653
264
264
221
348
313
48
53
47
31
59
192
130
241
288
183
134
130
95
91
156
149
473
290
150
202
63
64
18
12
5
64
25
63
19
53
52
74
103
254
168
117
38
66
41
97
221
355
475
539
580
564
553
251
358
134
320
220
386
199
262
609
466
299
302
88
55
53
137
131
299
335
436
479
461
447
101
45
103
174
262
338
251
722
631
584
428
100
99
97
251
367
431
610
379
143
260
285
301
67
117
47
416
544
272
430
498
645
758
459
361
197
119
113
150
268
300
531
627
398
245
289
175
103
338
204
17
27
14
65
67
88
92
97
263
413
246
118
51
30
233
330
507
446
625
469
521
268
663
456
250
69
374
275
111
101
132
92
352
303
300
93
102
60
31
158
384
540
519
406
596
174
19
15
10
28
203
69
119
153
243
518
486
388
216
116
45
18
91
87
292
739
227
289
489
421
130
602
444
272
246
179
429
103
106
330
566
267
161
58
69
50
70
104
222
530
655
458
502
748
547
349
288
94
300
127
93
122
144
115
254
435
215
105
29
58
65
119
256
347
433
591
124
19
2
14
12
19
120
225
144
604
521
645
362
150
118
97
153
329
429
344
242
230
205
513
189
181
242
101
506
575
631
775
489
501
523
584
332
307
141
78
117
201
227
274
429
274
425
294
47
37
56
13
4
44
181
242
291
170
122
144
607
267
164
62
114
59
154
228
292
177
304
342
310
427
198
23
4
6
223
66
214
119
236
700
597
292
187
47
76
93
142
178
428
249
286
215
337
226
121
4
14
41
357
556
161
146
229
438
370
369
238
49
82
76
94
157
380
279
434
484
699
541
400
240
94
104
63
43
71
33
31
144
353
211
193
102
45
73
48
123
281
367
714
797
611
587
691
426
296
64
205
171
106
97
52
129
280
472
271
105
46
49
72
134
235
434
714
532
526
126
103
182
224
241
317
318
273
263
352
341
244
144
158
151
184
199
218
681
367
205
332
302
174
142
97
59
201
183
315
549
607
219
246
236
349
300
113
85
137
120
374
516
450
256
250
495
641
530
98
22
112
56
160
72
49
77
266
197
527
412
224
151
34
71
133
205
429
478
419
407
622
732
938
396
97
201
178
173
95
53
232
254
425
634
211
64
61
51
74
159
319
398
513
267
403
563
358
53
196
45
262
276
107
98
125
359
440
274
297
109
42
25
58
86
211
348
332
377
699
509
229
241
445
50
184
46
86
88
159
219
578
409
200
126
78
58
201
181
218
418
354
644
407
584
424
328
99
17
36
336
173
247
149
120
521
218
225
99
53
69
41
179
259
390
602
584
555
552
226
243
286
473
319
346
267
389
356
210
348
216
124
124
180
383
406
454
366
525
446
653
351
462
572
465
417
640
611
339
565
439
477
506
514
195
133
49
244
113
266
350
581
279
446
151
169
441
530
177
43
50
115
75
134
236
103
149
521
373
259
101
71
81
96
162
403
195
341
351
267
178
390
631
220
84
270
106
113
95
128
174
414
349
243
84
24
85
55
149
238
265
415
221
517
211
157
57
137
159
357
386
235
97
336
204
461
307
158
67
58
45
90
141
235
567
605
218
320
301
371
75
105
70
132
225
42
114
84
498
358
426
283
93
39
54
57
61
229
281
573
398
403
396
530
525
375
315
151
360
243
319
128
162
646
200
299
126
52
44
73
93
213
270
387
527
199
7
8
9
58
39
79
99
228
476
400
396
258
185
170
49
231
202
258
372
434
370
126
214
204
500
236
70
105
221
224
318
522
197
191
520
335
319
110
86
144
180
208
469
336
409
281
322
287
402
441
314
526
242
152
117
44
161
165
164
127
225
145
86
91
35
162
393
439
244
231
133
553
577
165
241
172
115
214
175
47
203
139
199
261
287
226
123
27
14
44
33
164
226
323
260
448
576
359
99
529
450
292
116
229
274
414
775
179
182
194
93
43
25
77
235
465
479
306
313
464
814
704
566
333
206
270
218
99
244
423
407
866
370
208
66
83
34
88
82
229
349
450
345
493
81
16
72
34
37
186
505
369
259
354
276
224
324
171
164
48
47
60
146
287
340
421
478
321
72
55
7
103
158
131
66
122
270
410
402
368
144
138
71
140
243
311
365
596
198
198
307
250
226
379
248
393
412
114
157
155
439
327
561
462
264
143
81
200
264
257
331
445
436
520
261
301
38
71
329
156
16
56
70
152
218
280
233
395
282
261
133
116
84
74
262
451
334
252
349
277
588
729
228
459
144
228
261
212
180
167
384
271
242
211
70
64
101
86
193
467
469
619
409
418
876
508
87
68
104
247
370
409
146
210
228
261
342
260
132
75
56
120
180
300
385
602
262
377
382
378
319
122
134
71
181
314
303
263
324
281
211
127
176
29
15
49
157
235
492
341
423
403
481
516
183
73
157
638
302
359
381
224
437
482
282
173
117
31
24
116
227
312
452
484
436
302
94
87
63
128
230
327
470
267
165
272
442
295
174
167
87
178
176
289
459
319
258
237
484
490
289
679
438
436
571
351
253
340
335
398
441
220
170
131
105
67
230
280
291
451
415
536
337
174
148
54
46
2
15
18
123
140
103
162
261
242
78
213
70
52
85
194
230
321
544
368
339
387
442
511
334
122
52
79
226
176
166
388
344
826
442
154
72
17
39
106
290
277
534
602
525
453
445
710
81
263
160
301
338
180
147
194
243
714
573
185
92
56
58
60
68
217
507
443
135
632
606
641
251
95
112
120
308
149
131
143
388
377
332
221
41
45
69
52
45
232
423
633
468
444
625
536
272
359
172
405
306
411
109
77
161
123
222
137
135
55
32
75
78
227
252
409
379
377
244
53
133
114
423
102
408
237
317
516
496
393
181
96
95
184
219
243
312
243
299
248
451
413
535
427
178
260
332
284
223
394
404
576
424
237
206
173
108
82
281
294
544
313
144
122
204
124
251
174
26
269
105
25
61
64
154
99
177
360
315
156
38
80
85
59
190
477
511
289
549
464
522
459
465
170
388
219
183
227
139
207
349
397
230
84
77
80
26
105
159
320
539
431
583
548
414
95
66
64
101
440
382
192
366
69
218
389
332
224
96
78
91
37
127
269
534
325
391
448
402
113
71
249
41
204
140
225
117
454
647
535
431
251
73
61
46
63
80
277
413
411
565
483
656
381
102
241
319
272
449
288
215
189
361
896
411
75
77
66
53
56
138
168
343
333
278
421
130
107
23
79
85
236
245
167
392
562
425
232
169
169
99
203
153
221
332
276
250
380
273
287
307
410
288
383
322
386
340
327
529
599
256
289
303
179
101
133
144
389
490
426
198
251
532
389
311
703
419
209
64
49
166
134
295
321
240
470
226
187
84
62
138
137
280
446
626
263
379
358
446
737
518
65
252
235
211
184
151
133
165
334
562
216
87
37
61
79
217
335
487
320
811
588
550
462
165
384
164
188
167
251
78
110
49
393
546
273
86
93
31
95
179
253
268
278
383
755
278
570
557
509
312
251
119
161
186
48
231
755
593
294
88
53
55
58
131
262
384
384
543
398
557
574
261
152
215
232
285
342
258
421
666
801
276
304
105
59
38
64
107
183
344
430
424
171
9
13
2
13
54
22
40
4
70
207
275
512
214
148
93
77
217
297
376
448
239
181
543
305
144
128
106
310
417
369
582
373
343
273
377
281
269
199
125
127
201
296
600
511
444
323
425
239
722
309
20
94
52
70
170
116
168
59
221
120
290
224
143
120
101
69
217
388
194
290
226
205
116
152
191
359
93
59
176
44
184
92
116
187
431
181
88
89
68
123
214
424
371
625
213
274
232
645
59
350
123
152
207
103
94
77
373
473
321
257
75
31
52
95
246
297
480
453
291
586
624
704
142
217
31
63
226
100
11
81
180
334
331
184
142
21
55
61
119
199
401
607
388
116
16
311
282
188
179
315
289
102
287
299
191
312
334
310
222
61
69
37
112
162
414
320
565
726
562
475
670
558
582
477
563
573
564
555
343
325
230
108
90
178
261
331
383
366
176
255
471
638
521
487
749
541
449
393
347
898
706
837
738
603
218
169
98
162
235
385
472
583
503
472
735
737
376
391
32
191
162
479
267
115
138
140
300
482
204
326
137
117
61
122
191
363
487
644
317
335
459
246
243
255
66
98
79
151
79
78
163
507
148
365
105
51
55
143
174
359
401
518
368
76
13
58
92
284
78
267
272
130
116
161
483
772
672
318
118
64
44
91
81
252
329
341
350
310
298
23
251
296
150
125
57
138
60
89
48
857
358
157
132
52
80
47
65
191
230
346
351
395
408
445
347
341
345
383
332
431
389
397
350
177
135
104
34
48
255
288
285
257
421
372
387
132
209
200
85
250
510
293
500
441
546
522
493
359
169
80
67
83
344
374
332
419
151
305
303
420
292
688
133
506
720
374
186
744
712
463
539
242
179
190
124
220
111
243
459
483
292
435
221
167
501
811
209
119
118
88
13
62
34
92
23
286
186
172
75
49
83
234
280
370
276
483
205
169
158
110
117
111
80
47
39
88
117
178
318
633
164
227
112
67
96
90
117
281
226
371
190
176
73
238
54
141
151
56
64
65
58
70
151
256
286
187
93
51
65
46
148
224
347
496
403
258
335
361
246
375
182
143
24
105
77
118
155
148
319
185
75
32
62
24
146
192
334
367
229
168
48
96
54
120
78
60
86
93
90
234
161
396
242
166
87
26
46
42
63
93
42
99
105
114
55
118
71
54
88
22
38
16
19
5
4
nan
nan
2
2
nan
1
5
5
nan
31
36
31
19
33
48
117
89
98
183
175
174
340
274
249
174
275
146
112
102
227
290
299
247
534
432
536
384
549
761
492
255
95
35
36
73
35
53
124
185
252
287
69
84
111
117
233
302
523
709
479
305
544
268
276
250
240
118
22
87
134
217
345
269
234
218
90
57
83
86
162
339
278
516
613
490
318
474
271
148
121
322
163
154
190
134
169
345
371
108
88
42
69
51
222
376
346
413
315
392
475
404
129
217
92
244
67
73
49
56
123
180
272
96
116
98
19
43
180
195
418
507
432
484
667
702
198
125
157
159
306
422
249
124
100
183
232
239
120
63
46
74
128
225
236
186
142
63
39
3
4
130
102
74
134
135
234
285
257
139
118
55
93
70
101
190
288
473
234
234
453
464
419
501
423
318
277
317
161
516
474
347
328
318
293
168
70
150
130
238
358
494
465
494
400
218
39
43
48
1
13
8
16
24
48
46
109
326
208
231
90
71
94
158
273
433
426
271
303
468
251
106
57
41
49
96
130
154
132
155
273
242
318
242
139
96
29
116
294
496
575
693
360
131
237
35
22
128
24
154
70
106
93
116
246
510
317
204
125
75
68
113
272
477
578
533
343
546
698
336
188
333
149
369
147
110
108
174
219
506
438
213
110
63
25
85
104
239
276
506
393
475
560
277
363
225
253
136
268
137
118
148
490
879
261
198
160
28
19
54
136
167
152
162
136
74
178
72
28
25
110
149
94
144
358
331
192
238
152
58
51
75
155
147
121
234
276
254
529
343
236
671
365
466
506
543
500
635
442
1010
477
369
233
221
77
132
198
226
653
485
355
241
513
115
466
286
17
3
15
16
55
6
60
103
85
218
253
154
49
54
37
202
352
353
324
450
505
173
114
219
141
413
137
195
179
182
348
428
251
950
404
179
90
79
74
82
195
427
328
313
333
45
91
278
117
290
414
172
71
127
30
103
213
508
391
226
57
55
77
64
181
244
445
234
125
291
636
144
340
164
116
54
181
122
55
217
371
515
206
201
148
39
70
34
101
309
537
664
565
495
423
531
389
345
161
243
302
174
144
356
291
389
338
408
82
34
61
61
129
178
238
375
407
368
177
121
27
447
187
179
265
419
503
448
264
256
137
151
86
165
251
417
502
401
279
448
599
555
143
481
590
463
371
329
319
249
489
570
456
378
221
162
104
206
130
263
483
520
329
416
724
84
92
50
34
18
50
70
44
69
69
148
110
268
223
339
115
79
87
195
223
487
292
435
283
111
119
90
80
241
134
41
38
41
103
84
81
470
287
250
95
42
81
57
191
393
291
418
403
113
127
70
115
412
260
172
113
97
85
248
413
899
324
259
57
47
81
38
163
352
255
429
463
464
487
235
164
100
216
213
237
227
75
112
214
391
475
172
102
77
9
74
109
348
338
609
576
250
840
434
103
100
99
91
224
339
113
94
316
637
400
159
122
42
9
33
99
178
310
493
358
326
343
27
175
244
91
280
385
339
617
583
480
546
109
128
101
127
215
392
530
668
316
277
327
434
251
665
602
485
589
190
139
404
427
461
427
374
297
206
115
63
212
407
378
599
419
596
428
23
177
149
101
372
196
102
87
46
56
432
468
728
676
235
143
51
71
115
207
371
328
224
263
96
88
299
87
17
68
49
226
98
155
190
366
510
420
211
105
49
54
106
469
533
369
621
234
97
39
159
58
218
124
62
225
144
79
276
417
579
613
316
132
26
31
80
163
399
572
497
512
231
126
634
474
450
223
187
185
96
255
146
199
525
360
168
138
38
32
51
170
207
481
620
703
702
344
522
321
531
412
338
252
219
230
42
224
660
566
334
38
49
46
94
124
286
393
401
492
465
665
228
445
445
272
211
384
613
386
428
505
272
187
195
77
167
205
413
547
388
427
446
633
540
350
719
615
624
810
489
380
470
508
626
427
386
162
223
117
132
228
127
634
432
47
222
60
39
44
199
27
14
28
52
163
183
168
333
727
531
382
137
69
53
56
131
228
457
506
592
536
275
439
493
379
249
250
287
135
141
276
157
182
432
547
344
129
81
67
67
133
335
587
306
49
45
49
25
23
18
27
212
149
103
98
76
378
438
387
180
57
31
18
92
170
308
268
413
380
671
255
287
83
80
89
233
348
273
124
188
276
412
284
204
65
32
41
53
139
178
369
491
691
562
770
576
199
196
279
538
308
154
123
255
202
544
474
109
101
58
73
68
160
191
311
406
375
336
514
271
294
480
423
377
324
435
547
384
439
379
173
115
111
173
239
392
362
541
414
408
608
504
387
417
569
619
549
408
501
652
269
457
576
400
311
164
104
114
224
379
430
507
341
425
488
552
503
882
313
194
11
157
244
243
176
21
142
436
348
369
125
71
116
123
204
523
136
275
175
206
128
691
274
342
162
302
121
148
131
148
528
552
284
288
118
74
53
120
124
373
564
601
252
129
79
436
159
149
48
160
201
204
307
127
374
774
457
358
51
53
65
55
62
284
510
627
469
538
627
711
549
307
273
301
367
350
120
260
521
716
320
306
119
41
54
78
75
222
496
770
651
485
923
805
350
409
123
451
333
269
135
46
57
551
414
282
135
66
51
30
135
300
239
429
437
521
409
583
369
605
452
333
495
338
510
509
497
336
162
148
89
144
214
298
494
501
80
263
624
600
497
599
185
472
712
302
450
524
460
555
326
300
318
132
77
164
228
154
520
337
211
92
329
119
105
569
199
130
33
15
32
40
84
183
276
303
487
255
29
98
48
135
134
319
345
316
547
369
488
529
114
207
38
104
188
150
137
156
326
694
190
292
68
88
77
68
137
342
420
730
559
573
428
792
126
108
121
218
287
180
207
91
280
569
309
162
38
37
71
25
154
332
362
561
646
576
334
258
112
248
252
281
103
223
296
192
74
337
188
193
84
22
35
119
236
315
146
18
103
116
150
235
369
535
440
357
397
445
477
307
143
229
74
42
83
133
124
194
153
364
447
377
422
481
362
234
411
466
447
301
453
298
498
285
334
269
114
127
83
109
107
220
247
507
179
188
480
576
371
333
585
404
277
377
351
311
535
435
330
280
232
244
75
192
222
158
390
385
250
380
591
482
488
689
340
53
3
6
32
48
111
109
129
322
271
229
98
108
112
219
269
387
296
399
124
55
177
117
19
20
83
132
276
159
85
141
90
336
326
273
70
78
50
164
310
504
333
268
445
179
10
170
22
32
90
126
75
186
162
170
521
433
413
262
105
65
50
99
259
269
505
289
453
643
503
496
488
354
149
224
204
79
178
101
328
753
240
294
122
40
37
88
189
242
383
704
600
569
601
316
272
167
83
144
263
87
44
276
160
68
559
227
111
66
64
122
222
188
303
473
363
104
221
108
84
34
65
92
55
117
385
508
333
291
204
174
148
223
312
522
546
376
131
572
379
306
529
528
38
71
97
304
549
681
553
761
279
279
315
142
106
147
279
423
577
551
408
357
547
273
373
183
155
16
26
65
88
19
45
52
68
213
311
316
75
73
135
73
315
441
189
424
359
117
328
226
358
67
104
263
118
142
206
184
587
599
273
319
95
101
63
140
229
308
201
218
472
264
735
334
44
60
40
141
142
273
258
164
347
230
420
283
87
77
29
106
147
251
509
498
461
497
387
434
71
16
53
215
196
224
106
228
380
732
292
210
128
56
29
47
95
233
426
441
696
726
571
465
602
629
258
131
317
185
172
435
314
404
275
177
137
95
115
100
136
224
454
454
418
462
576
333
317
344
398
345
181
411
602
686
617
404
184
105
101
162
268
393
411
439
216
263
391
515
410
73
74
194
432
231
311
512
583
514
383
295
291
162
101
144
159
296
477
402
491
448
317
41
48
25
52
6
6
138
65
219
193
134
597
358
374
196
172
64
136
136
335
496
124
159
179
138
338
779
43
111
91
160
143
198
152
123
198
239
591
178
112
46
104
170
147
180
409
334
317
300
394
309
14
203
36
87
244
129
144
224
470
367
280
187
95
50
61
59
110
213
487
359
592
276
603
451
146
79
25
267
259
125
124
160
396
662
343
272
96
44
50
87
122
217
442
406
524
575
405
761
477
214
60
52
216
234
196
94
229
222
297
249
149
56
56
69
212
313
518
471
442
414
482
60
214
665
551
382
594
381
648
679
440
357
130
119
82
176
298
330
325
728
471
361
557
733
703
469
95
401
722
661
448
479
470
467
334
265
208
214
74
157
237
324
408
638
145
298
727
318
577
156
74
23
105
115
220
219
63
382
376
459
694
185
123
40
160
103
241
582
696
285
236
298
632
700
132
14
70
224
474
359
360
549
302
801
683
309
91
82
66
108
212
470
303
629
595
281
525
188
13
227
82
231
248
345
262
186
643
581
503
264
129
33
46
63
190
436
825
575
569
598
463
440
59
69
41
115
230
42
95
160
438
372
151
299
73
80
72
90
162
276
408
679
506
464
540
478
597
474
356
190
288
256
74
217
281
350
181
296
102
85
16
54
120
268
351
456
483
365
9
21
13
37
209
109
110
366
650
324
343
281
160
121
78
152
171
300
576
562
186
268
404
698
541
622
61
377
381
268
314
421
342
296
342
283
358
149
68
128
242
275
456
433
355
530
638
554
491
303
64
64
24
76
78
101
139
252
344
583
354
214
122
87
115
126
273
609
492
644
378
659
800
342
73
58
16
27
86
102
160
193
447
794
427
175
89
41
59
87
181
335
469
429
660
211
281
164
43
44
49
119
425
176
178
329
676
566
462
289
88
36
19
31
167
181
504
404
297
590
527
510
145
298
80
146
168
245
256
257
452
299
237
244
104
56
35
44
86
178
249
390
480
418
576
501
510
393
439
507
529
554
448
395
267
188
120
145
44
35
148
231
339
496
545
446
508
454
563
556
697
545
449
304
437
441
645
364
321
190
80
137
92
166
266
279
428
628
363
269
610
545
928
793
134
677
469
459
465
719
511
476
484
441
223
149
91
92
297
283
375
674
393
350
455
319
272
687
564
177
126
175
218
317
292
228
320
531
197
207
150
116
127
274
309
560
414
268
161
74
47
43
43
59
91
20
208
206
112
475
697
447
411
256
64
75
69
86
245
548
462
137
469
174
176
180
20
18
73
205
282
239
195
143
650
1206
508
215
98
61
85
86
199
471
660
338
462
488
553
151
55
62
54
77
129
283
83
363
331
768
640
195
117
51
38
71
157
228
524
795
769
593
687
194
82
147
13
74
400
220
340
208
724
434
492
328
113
13
70
81
129
249
438
575
450
236
48
3
2
62
283
314
195
749
540
583
546
331
173
133
155
181
226
330
516
527
272
233
511
699
638
646
87
443
368
402
498
806
603
415
266
356
279
170
155
128
119
292
246
451
300
406
266
182
519
47
124
341
132
54
32
53
167
312
136
506
189
414
202
119
94
110
352
524
130
278
292
402
688
623
219
78
16
85
455
86
28
269
535
813
334
263
131
70
112
96
185
516
394
240
149
85
109
51
4
52
73
122
370
190
76
215
91
916
69
244
158
26
63
53
176
290
509
265
275
286
580
573
339
363
138
95
218
83
103
270
675
687
203
246
53
78
82
73
147
379
225
520
704
395
559
458
460
231
63
205
303
212
194
317
393
636
522
177
74
55
10
62
110
306
447
638
559
441
200
8
nan
31
16
4
13
3
10
5
95
259
179
97
106
301
204
432
504
390
73
375
504
648
226
18
5
12
3
3
19
6
27
7
89
90
154
171
92
169
275
373
505
794
219
336
453
170
86
175
175
71
16
70
163
82
88
135
160
573
457
229
145
57
72
196
190
565
383
471
550
109
176
107
17
115
23
122
153
209
137
250
490
579
405
308
108
37
61
94
168
427
344
374
456
416
428
179
91
221
210
154
441
214
84
157
88
277
533
395
78
64
36
87
194
409
614
773
516
551
905
742
507
254
332
259
392
217
328
189
379
423
260
159
112
73
54
54
159
346
480
439
353
648
543
613
612
228
43
220
188
320
183
196
397
163
516
200
118
51
33
22
105
175
493
381
494
352
171
21
23
18
248
341
480
385
509
445
293
296
209
159
99
150
114
177
153
141
70
150
558
349
270
300
107
432
492
355
412
252
490
481
318
372
203
217
71
112
304
423
462
774
283
531
610
339
724
469
838
274
90
110
125
131
52
119
355
280
392
232
76
62
124
280
455
525
403
223
699
298
304
457
399
276
182
172
222
134
59
46
240
521
539
188
139
68
55
109
193
384
771
549
473
456
119
443
81
239
424
256
197
143
128
309
315
561
370
271
125
63
114
54
187
334
488
552
237
591
627
822
562
484
423
275
259
146
83
97
377
403
423
241
44
52
72
91
129
405
407
674
612
594
731
982
208
199
259
231
237
363
492
168
514
393
351
173
99
45
87
49
124
261
327
385
380
57
43
2
3
39
141
127
224
332
448
373
265
315
159
116
94
128
135
54
45
18
22
227
378
85
61
32
42
68
297
555
181
701
239
191
202
328
284
216
138
200
194
352
463
423
211
351
122
185
399
534
110
82
34
74
47
97
78
149
135
493
464
171
116
61
140
278
320
386
428
312
551
344
1000
614
568
301
108
494
134
203
174
232
765
344
275
346
101
59
74
80
144
679
392
634
537
584
508
347
67
231
96
221
230
130
64
119
467
410
369
238
115
64
19
101
176
324
648
371
341
355
566
564
473
391
186
112
116
193
164
104
284
294
218
135
89
28
42
60
112
408
433
672
638
729
555
431
531
344
183
208
138
180
304
302
415
664
285
248
66
60
29
83
119
163
341
393
371
496
245
70
65
123
203
435
451
626
584
635
387
312
135
128
68
185
271
290
453
470
304
370
532
374
376
409
360
389
486
440
526
663
497
733
692
430
172
113
111
196
183
468
621
483
324
340
388
256
398
390
138
126
73
112
122
142
294
279
395
227
152
160
123
91
61
203
367
697
244
246
681
328
599
94
66
36
70
84
156
89
178
141
183
553
233
175
86
84
65
109
251
512
195
208
665
583
289
84
28
116
224
198
176
319
263
241
439
686
416
205
97
30
25
83
276
484
662
462
416
456
621
106
71
225
147
343
86
187
235
133
117
166
258
281
133
55
56
66
145
303
537
649
781
683
545
372
31
55
98
43
96
283
227
103
310
479
448
341
89
45
48
46
86
203
357
485
602
114
26
29
5
41
64
241
187
407
577
554
414
339
211
188
54
218
307
520
286
506
318
498
471
418
219
106
70
88
72
308
388
521
574
503
387
314
264
165
56
103
244
218
443
477
333
319
509
187
261
157
71
39
17
110
35
163
83
137
235
487
374
195
95
48
182
159
235
421
216
351
432
332
495
697
389
87
112
151
229
256
104
162
358
883
261
218
55
81
31
64
164
360
287
607
643
602
631
544
51
140
90
147
214
243
207
193
318
699
298
138
108
53
50
42
119
333
617
455
618
519
503
531
532
254
227
348
157
505
147
280
347
678
548
119
79
74
41
86
80
230
319
619
673
761
558
498
282
148
219
140
386
448
96
192
229
231
194
188
105
41
33
45
94
221
300
427
690
461
35
21
19
179
194
124
277
398
373
423
513
223
240
125
116
122
252
330
435
484
286
313
510
634
462
94
43
116
280
185
465
537
590
458
480
244
232
97
62
104
253
313
514
806
275
502
642
353
286
542
448
278
74
74
123
61
66
193
211
411
364
253
99
97
103
150
201
442
373
401
321
236
212
118
243
140
159
280
190
87
93
159
288
199
233
103
119
61
47
62
204
382
510
434
347
328
302
235
83
463
360
137
124
92
159
386
415
487
526
180
52
46
39
92
99
190
569
489
263
591
671
840
389
556
329
179
241
123
165
562
819
500
215
223
101
64
68
85
77
219
407
542
470
671
653
767
679
497
219
515
347
218
68
211
353
311
182
281
114
81
62
43
110
184
139
210
197
175
37
15
23
1
18
27
189
103
259
230
263
112
99
46
57
140
161
187
187
250
104
120
221
344
178
59
73
99
250
295
202
130
225
219
132
177
212
102
60
79
138
179
249
359
244
103
181
79
216
374
77
52
60
47
172
79
119
153
231
167
109
153
13
24
36
84
216
290
184
382
356
470
423
544
443
295
194
119
379
123
108
157
780
726
361
239
94
77
62
122
190
449
349
464
459
450
691
668
170
312
31
104
155
192
131
215
316
277
381
143
82
71
38
67
124
447
381
426
290
314
532
599
151
359
203
101
136
86
103
119
125
93
122
165
63
40
63
38
168
325
479
575
454
527
795
716
675
428
203
111
302
300
111
647
408
233
165
128
122
28
12
17
53
121
277
344
524
489
207
12
16
33
116
117
118
107
229
280
367
404
155
178
71
174
250
413
309
375
179
492
453
186
114
11
17
70
117
226
289
404
456
551
392
403
171
150
53
164
212
401
393
283
188
335
435
218
432
581
269
219
207
113
139
28
82
62
100
209
185
247
58
105
74
186
266
228
156
299
429
485
618
545
614
427
152
157
272
231
194
303
462
759
337
197
85
62
52
56
112
321
294
490
313
281
689
311
412
295
270
301
314
300
296
355
395
782
354
211
118
25
49
50
202
444
485
327
341
208
455
774
610
291
296
313
353
166
232
181
293
553
317
227
73
66
48
61
108
317
592
426
481
632
846
813
702
385
301
178
76
146
79
11
295
317
385
228
162
49
48
62
99
230
328
363
409
339
20
25
51
31
161
176
67
208
262
299
4
7
221
207
143
174
333
304
432
281
212
243
377
324
200
36
45
263
512
375
244
248
605
324
461
254
240
149
121
166
247
225
434
606
329
411
592
236
818
637
220
315
169
150
180
219
85
90
355
680
195
237
127
100
84
168
382
563
545
520
750
895
395
542
202
237
276
136
475
522
129
357
428
304
242
202
69
59
104
75
245
374
443
190
376
776
558
527
102
295
373
133
247
426
142
260
657
647
298
142
129
55
54
128
147
386
686
702
551
472
616
540
242
419
264
185
58
28
130
489
561
498
516
149
61
42
20
58
121
410
554
476
415
670
475
645
294
345
336
182
506
277
276
255
430
320
203
185
92
58
42
85
150
179
250
379
479
430
269
179
34
216
119
194
209
192
451
363
533
385
108
77
152
241
230
3
380
500
202
259
518
403
382
425
67
323
511
432
241
565
359
512
292
325
225
211
81
157
200
265
461
502
540
400
207
292
72
87
416
320
130
60
116
106
334
178
336
710
409
256
92
28
95
86
204
533
336
376
296
586
620
898
592
290
246
221
318
159
174
142
130
691
484
148
107
31
86
66
173
404
670
572
630
521
561
368
353
111
141
164
97
552
320
267
414
424
196
186
68
91
46
68
123
396
566
642
478
318
758
847
615
757
254
193
241
255
143
154
692
635
356
204
76
80
34
91
90
156
590
341
705
575
564
763
594
398
343
194
306
275
281
320
299
257
343
232
95
51
26
76
103
185
271
371
425
419
512
350
166
420
475
394
150
160
377
501
370
307
128
124
108
259
316
399
548
565
245
296
469
579
425
380
226
416
293
304
227
339
341
517
366
554
152
126
113
103
206
324
461
448
402
512
609
412
557
328
113
157
53
57
87
193
112
119
141
282
268
236
142
43
79
151
166
302
396
443
377
359
147
15
115
123
152
192
334
260
182
121
91
191
281
252
138
38
61
112
230
414
547
703
719
794
705
840
365
450
378
163
399
200
244
185
410
433
340
160
92
37
53
99
144
222
266
486
316
510
301
292
435
472
226
230
123
209
284
314
813
622
319
257
63
19
25
38
44
249
424
546
444
599
821
192
245
358
363
434
259
216
326
579
638
685
591
309
94
28
49
54
69
327
609
231
416
326
366
204
76
124
149
72
111
149
253
408
401
228
214
121
99
179
240
569
626
490
435
377
312
406
275
495
346
174
257
237
183
169
220
416
322
345
183
144
131
106
263
275
478
685
396
415
625
271
215
207
101
163
39
125
115
175
196
284
819
647
343
291
182
51
84
169
269
417
496
331
452
401
254
625
404
366
288
283
571
277
537
753
731
828
340
155
81
83
24
51
106
255
637
631
155
495
213
572
112
198
341
101
161
196
230
184
108
570
504
264
136
61
28
64
117
384
551
742
579
762
765
977
555
457
315
212
160
147
254
80
408
599
311
313
47
69
56
53
59
249
309
493
457
635
704
649
486
291
616
398
459
406
428
661
460
399
140
89
91
76
88
68
169
419
470
563
368
570
164
21
23
49
154
118
155
319
257
474
462
280
144
185
93
212
260
458
541
667
230
485
773
316
359
277
221
400
494
350
410
433
502
599
547
376
175
197
140
186
332
383
520
609
161
258
136
131
90
129
102
232
151
209
75
95
56
140
104
130
100
175
147
88
115
116
195
335
276
306
589
94
24
393
517
255
113
104
89
121
126
197
383
330
217
296
85
74
65
53
127
359
392
794
676
310
700
309
36
308
334
142
309
196
185
151
126
635
377
223
71
75
76
64
141
268
660
222
258
400
424
725
560
347
201
576
400
164
133
169
211
408
452
157
106
20
35
94
107
341
596
620
257
541
578
310
505
363
91
188
316
257
165
66
131
381
180
209
108
50
49
60
87
243
340
433
532
590
123
61
49
200
111
141
44
184
433
453
254
491
225
131
183
113
138
315
465
358
165
216
346
177
372
121
142
324
164
386
322
484
477
514
913
312
256
171
89
142
229
286
205
449
192
286
488
84
217
463
642
350
242
126
102
90
369
167
490
549
199
132
99
48
62
73
206
440
397
302
481
269
195
284
198
42
73
346
259
431
87
145
414
283
197
182
114
19
60
49
140
305
453
311
170
459
216
447
290
128
76
78
198
247
114
207
232
273
298
80
98
51
18
63
146
236
377
360
287
302
181
629
359
427
157
257
439
357
109
132
356
346
298
162
82
43
20
60
70
179
379
380
443
621
555
447
222
237
157
228
293
162
180
95
117
138
144
192
117
68
46
50
87
167
427
405
282
361
273
355
271
231
259
284
325
311
580
308
166
256
58
79
71
199
231
298
406
234
350
468
519
287
577
491
285
279
198
461
190
288
205
383
282
98
137
79
110
143
206
398
372
558
188
163
198
153
342
360
61
241
330
96
91
158
170
109
352
138
141
147
109
59
55
168
125
245
214
219
421
140
164
90
60
99
108
144
140
105
130
138
242
537
204
185
195
84
40
85
91
249
476
430
560
438
780
602
432
278
341
530
249
309
309
296
427
402
252
146
24
14
46
62
113
220
479
566
303
515
452
449
639
267
206
217
258
248
365
199
166
274
253
101
30
18
19
37
147
226
318
467
235
181
308
116
153
146
123
171
32
66
13
36
61
200
101
163
50
41
40
70
56
127
281
434
126
209
163
185
128
120
152
88
99
128
114
261
519
424
108
158
68
178
324
375
488
468
346
375
657
238
239
180
110
96
164
223
373
116
203
206
133
198
205
149
114
153
248
364
408
367
407
441
343
147
85
182
39
3
24
41
28
38
25
127
100
83
100
131
83
39
42
78
170
227
417
321
365
433
229
235
278
152
220
278
261
259
213
154
230
111
91
12
10
7
12
4
59
86
139
308
431
315
495
510
290
403
303
426
251
171
121
242
409
568
346
248
94
18
34
79
110
277
322
491
474
307
547
586
233
234
262
154
110
112
108
130
501
306
231
233
122
28
43
40
83
226
312
597
436
325
848
529
258
307
306
267
510
237
347
123
92
147
263
290
141
41
65
20
86
174
224
455
618
452
583
457
425
501
489
374
173
88
241
489
304
237
187
78
68
102
274
308
344
249
307
376
529
210
503
467
339
278
266
219
269
441
439
354
363
274
91
129
117
103
170
333
193
221
378
360
498
343
495
240
168
222
307
221
218
254
241
218
348
387
222
63
24
51
101
94
221
291
382
375
430
253
344
460
450
194
361
240
154
498
265
177
440
751
274
205
97
52
51
71
164
306
444
427
618
280
246
325
223
184
371
356
184
323
290
138
331
1058
600
261
134
79
39
76
47
272
458
498
480
817
498
731
406
310
279
319
391
191
291
297
159
378
283
122
97
19
26
39
95
106
379
292
355
435
471
493
305
260
414
382
479
225
260
413
340
443
147
137
79
55
91
104
148
289
464
721
636
519
488
233
259
369
232
312
413
381
430
429
324
186
189
89
102
96
172
368
416
568
326
412
501
260
546
458
140
188
311
307
214
317
285
289
300
262
325
140
117
218
287
390
398
389
297
399
500
115
252
283
18
61
11
273
155
53
128
17
65
516
430
273
67
75
77
145
201
460
424
253
338
369
504
330
81
152
215
223
330
226
197
210
560
221
194
206
97
47
24
66
80
236
434
568
288
379
648
431
387
286
375
449
449
234
382
303
261
182
249
77
52
34
40
30
76
120
292
305
453
802
715
454
171
194
391
185
101
184
185
167
326
512
401
182
92
67
42
38
106
274
293
437
442
382
658
314
539
309
315
389
244
107
135
141
352
364
437
126
52
52
42
49
73
168
286
379
593
419
329
187
390
354
238
312
264
398
249
485
431
352
165
158
153
209
274
292
326
599
397
512
489
496
235
414
177
304
333
392
510
480
401
582
352
264
173
99
92
158
135
308
225
623
733
412
450
453
545
604
455
380
349
430
325
290
160
238
205
205
161
153
160
86
130
122
166
270
466
346
462
353
362
208
379
204
68
111
154
254
247
115
234
323
591
71
30
60
30
83
137
321
512
437
524
431
452
302
107
258
192
239
135
327
200
293
465
249
318
191
61
33
66
67
117
284
508
541
562
573
691
480
314
465
203
115
131
223
168
134
281
614
129
59
71
35
31
72
114
156
418
377
358
546
510
520
286
264
353
148
158
139
126
158
339
301
187
119
71
28
28
78
74
137
123
118
186
180
32
59
11
31
62
81
64
73
152
150
94
115
67
58
59
42
134
99
212
223
176
236
212
138
152
121
141
249
233
205
166
277
186
201
146
43
65
91
80
91
114
36
80
50
