47
5
40
34
40
105
101
36
16
105
199
300
260
227
249
109
122
81
94
351
740
269
259
161
201
223
225
150
282
309
151
213
216
187
330
345
201
112
204
240
244
136
217
222
376
831
200
259
273
71
52
362
261
392
167
156
176
350
271
150
326
148
124
276
322
409
182
201
346
245
328
399
276
293
238
197
245
98
83
138
181
278
204
303
221
260
205
317
260
389
112
48
137
327
131
289
157
239
319
194
223
137
262
226
332
105
187
217
196
181
294
304
298
268
139
64
105
145
125
175
224
348
115
295
246
230
347
136
182
228
277
342
214
176
217
109
92
65
53
125
35
173
229
462
327
464
350
211
177
130
181
340
262
326
297
200
251
148
181
99
48
95
86
125
176
492
386
249
317
379
321
181
207
278
259
290
344
216
231
187
172
143
145
49
143
85
69
126
135
365
179
199
214
251
163
194
285
251
206
175
167
153
137
118
83
176
187
219
448
328
194
103
86
489
180
166
122
316
248
362
311
359
284
258
220
241
242
373
341
432
573
401
490
505
203
120
123
205
471
153
125
187
189
419
357
327
440
298
332
298
257
615
438
282
501
863
606
739
141
73
193
514
237
90
110
211
149
228
296
278
246
384
243
332
312
277
489
364
375
853
783
464
77
110
182
140
210
461
385
367
225
291
234
388
366
210
426
435
377
296
363
435
551
267
782
675
174
143
92
256
280
360
184
260
409
359
334
224
197
217
265
401
471
620
480
455
256
117
200
96
225
432
379
328
813
466
330
301
313
301
351
275
354
243
490
133
242
282
285
420
262
158
268
189
220
509
787
371
236
139
140
224
260
217
263
248
173
184
391
254
239
466
440
692
591
655
656
299
250
260
301
476
646
756
284
291
373
346
226
168
102
362
426
535
257
403
535
524
636
749
1020
770
175
131
129
330
386
301
1044
557
384
53
417
331
212
417
367
313
502
493
470
429
648
654
1029
791
176
101
68
283
474
200
683
471
500
596
556
389
379
346
664
428
447
403
403
400
681
953
1146
592
212
54
126
198
246
447
406
471
429
521
474
426
503
409
372
500
486
415
307
480
637
599
1002
589
201
35
58
207
122
452
450
231
288
263
317
353
232
305
398
476
745
579
437
671
148
150
174
155
213
301
211
350
945
1045
438
316
153
132
129
152
188
217
516
163
214
395
547
450
193
549
129
192
214
209
995
662
446
421
319
290
387
313
242
162
273
189
246
163
213
405
415
310
637
958
793
580
233
201
451
281
360
617
616
880
637
557
414
273
311
244
443
365
214
379
436
536
627
768
942
434
215
134
167
325
372
469
687
403
817
449
218
117
377
277
454
382
307
388
190
330
901
694
982
649
178
29
105
182
395
190
555
563
445
539
512
341
351
220
421
376
405
181
391
456
894
1210
1018
824
122
100
130
215
151
366
329
548
412
462
629
754
702
642
649
489
412
298
334
294
537
1052
1051
586
124
76
58
191
133
196
357
233
427
317
228
203
170
224
418
218
464
379
501
375
423
289
232
155
204
412
462
719
614
760
347
211
163
273
113
275
277
161
519
383
402
465
703
381
225
251
128
164
63
243
618
628
556
349
319
344
412
341
406
300
273
363
287
451
423
531
306
537
757
881
713
144
4
171
260
352
363
332
981
492
363
469
337
308
313
226
403
314
265
204
194
294
582
849
884
725
181
136
235
165
70
318
500
525
394
722
331
471
369
300
584
614
487
544
462
485
721
769
1210
554
157
21
114
317
198
148
272
132
379
418
600
343
316
307
296
534
448
236
192
517
985
914
1147
523
200
48
102
92
169
321
142
292
546
437
575
612
535
501
410
444
523
502
497
458
618
801
679
283
161
46
66
159
160
296
312
165
321
246
423
141
218
167
128
254
186
135
135
156
78
148
128
147
171
447
999
826
791
358
349
337
232
335
383
357
332
383
306
188
232
376
218
220
302
114
129
138
102
167
556
692
553
277
183
310
151
198
296
531
411
253
445
320
415
410
346
323
203
353
161
298
138
84
220
326
535
437
476
403
620
395
148
225
369
126
145
165
237
169
110
120
64
99
165
148
104
95
94
35
183
161
194
338
138
183
227
152
150
136
144
291
183
355
387
185
171
307
520
558
213
134
146
284
424
267
196
294
407
422
172
253
150
197
111
170
449
624
258
495
454
657
809
790
252
92
103
76
199
294
222
592
323
265
255
463
577
454
604
383
343
157
273
683
363
608
586
653
248
96
142
134
251
565
422
495
185
216
236
272
379
515
487
279
453
349
403
326
224
140
169
210
330
266
680
827
521
275
129
159
131
142
317
187
145
167
554
472
453
658
471
372
198
96
196
267
145
493
477
826
482
99
168
174
81
92
140
140
68
99
489
502
455
378
265
303
574
859
828
621
169
298
264
473
627
478
560
321
296
645
493
371
222
282
340
258
324
436
465
484
649
636
853
744
193
120
88
197
130
209
222
346
403
346
284
104
286
362
363
200
191
228
280
473
716
853
1159
641
144
88
298
95
163
193
220
520
454
419
526
362
324
240
355
552
530
786
459
768
842
791
1105
652
254
107
41
76
223
335
364
548
545
277
289
345
296
420
291
347
553
416
467
441
660
755
809
836
131
94
136
159
570
685
339
289
314
403
411
267
190
372
394
397
332
283
474
247
194
212
190
121
134
426
537
734
489
504
347
250
288
485
628
690
436
480
623
466
393
293
672
355
507
310
166
226
140
514
741
956
860
425
217
231
290
237
265
206
59
104
124
93
161
247
327
612
717
874
430
332
162
71
249
283
648
269
186
397
426
643
489
375
210
220
333
579
423
367
327
237
602
903
648
732
230
83
172
254
432
530
467
464
424
883
528
364
545
503
552
477
405
617
672
632
868
923
1367
678
279
79
104
194
255
286
434
336
414
371
284
317
399
310
269
455
534
627
559
666
684
890
778
751
211
53
57
140
171
515
333
435
290
411
520
352
422
422
347
497
417
311
442
452
641
778
1222
693
250
56
71
59
438
539
576
745
628
434
204
326
120
202
193
228
310
648
858
563
432
247
156
86
236
252
720
1225
1251
346
544
235
421
118
325
581
529
499
467
474
341
499
724
486
196
91
195
191
187
332
401
693
389
819
228
290
495
180
315
165
495
400
495
476
472
496
269
491
483
957
822
741
147
236
370
269
230
723
551
816
874
670
752
456
359
343
395
521
356
404
457
366
845
982
810
710
275
123
119
368
422
165
372
351
600
550
420
424
650
523
556
553
349
476
618
762
807
816
1055
425
133
53
86
246
193
196
211
103
227
493
633
515
431
428
392
428
387
296
353
449
867
788
748
632
238
221
411
480
482
450
393
265
291
405
270
370
346
360
397
439
334
321
446
422
604
504
885
605
164
96
239
285
416
370
225
393
101
284
490
470
271
305
389
379
289
275
198
184
199
139
183
162
490
275
960
483
257
219
368
277
313
182
350
303
181
224
462
225
307
330
338
259
303
214
143
217
227
768
219
254
360
287
77
222
346
550
468
150
455
500
671
524
450
531
269
685
930
980
931
613
168
147
467
492
303
639
209
696
620
804
734
407
314
263
388
339
387
390
311
618
877
633
935
784
266
61
290
10
135
207
277
514
306
569
528
278
335
409
383
433
284
519
476
411
908
1008
1047
844
164
112
70
209
201
189
224
344
370
348
400
379
611
538
399
433
537
693
296
422
875
1236
679
592
155
106
93
185
157
267
312
555
557
328
605
398
409
482
440
581
544
289
380
419
761
750
1112
545
198
129
130
95
208
370
404
247
367
282
452
143
183
341
142
227
762
412
466
455
262
124
171
147
256
295
237
462
456
461
317
229
311
240
411
335
363
340
471
264
230
245
447
298
325
254
161
128
181
557
195
489
266
215
521
205
591
216
373
450
384
437
426
424
409
407
567
473
656
692
1040
543
210
121
443
710
691
640
1149
591
817
355
555
284
247
420
476
581
584
748
592
756
1016
1234
1529
815
212
47
44
158
128
194
396
340
722
695
528
419
433
376
468
300
375
352
389
772
590
1352
1221
815
149
133
113
236
194
323
260
257
280
745
674
439
539
355
518
557
492
447
422
530
528
919
682
596
223
52
111
175
329
455
509
697
595
639
628
635
286
393
638
678
220
462
371
410
716
799
1142
735
205
90
118
227
172
417
322
532
244
608
277
163
332
275
198
432
517
417
541
411
397
207
308
212
241
788
610
718
498
408
370
207
199
203
175
60
116
181
345
201
215
339
332
209
300
298
165
259
116
398
1046
1206
819
430
157
83
176
161
354
148
243
272
419
663
395
466
576
563
981
1024
1131
669
174
224
225
422
180
529
465
430
548
731
760
343
443
611
653
439
572
615
313
422
972
1010
828
625
175
35
45
152
296
366
617
464
444
706
455
684
550
169
301
392
346
504
526
690
1099
990
1004
600
208
102
184
268
194
319
373
418
391
552
421
655
481
313
412
563
480
488
303
529
597
1060
1015
549
187
72
197
180
182
285
284
827
277
439
394
554
319
430
197
500
319
201
317
438
500
710
697
336
116
236
301
343
69
599
453
304
377
323
15
48
24
1
4
35
19
9
8
6
2
65
190
164
167
359
829
771
630
447
346
345
342
204
309
199
165
132
286
122
107
81
174
287
193
44
140
106
196
442
377
829
493
255
213
352
208
209
314
155
174
344
372
228
536
450
536
462
491
734
878
518
200
185
499
293
133
232
514
392
554
613
539
507
535
602
502
583
288
622
423
341
936
1028
1057
440
184
128
170
362
234
422
576
655
476
361
550
517
323
363
443
445
500
599
379
650
878
800
826
662
254
92
148
84
280
186
197
352
381
494
426
529
735
461
296
483
352
450
200
620
858
1145
905
543
194
11
34
136
107
143
168
266
418
651
409
483
733
254
336
439
247
441
352
281
683
871
1089
761
155
50
169
277
268
192
207
169
77
161
352
404
300
377
458
594
399
691
739
546
468
227
254
145
312
258
657
924
586
293
291
151
207
110
320
503
402
371
311
223
418
390
626
411
400
380
310
231
171
234
454
394
208
394
659
340
331
323
281
399
410
318
307
523
450
404
461
454
549
528
687
486
138
200
400
386
239
354
736
306
365
295
482
469
265
490
416
403
405
313
270
290
400
548
602
551
136
62
216
196
138
326
606
303
275
265
345
608
585
431
698
498
513
536
490
624
681
950
726
796
211
67
67
104
127
323
448
592
489
433
557
624
479
536
492
539
426
369
571
448
642
925
1039
705
216
52
177
174
188
339
360
393
338
348
508
530
590
597
629
620
451
423
514
526
738
756
1510
598
184
58
188
208
249
542
574
545
365
193
264
259
217
142
284
261
239
391
334
445
291
216
211
325
153
479
753
524
560
646
809
364
375
548
704
510
514
425
569
402
167
643
403
347
141
307
208
255
132
433
539
673
451
590
630
446
633
364
446
344
162
136
331
100
121
206
395
191
725
538
1008
652
242
120
121
361
262
557
479
699
845
690
811
443
475
376
424
260
169
59
64
131
343
669
826
801
167
114
28
211
236
438
450
691
569
348
195
224
244
307
136
220
386
374
463
601
574
1124
1621
819
188
75
90
210
303
410
186
483
558
934
361
336
403
245
313
205
178
148
274
496
268
418
1339
729
231
33
173
93
297
393
420
660
452
518
310
337
285
51
276
544
354
490
545
650
639
684
1106
613
172
80
71
214
431
240
578
405
508
472
98
63
11
23
19
6
2
21
4
3
12
615
362
165
87
280
818
1205
626
845
572
285
450
420
452
473
492
429
426
353
493
826
320
305
142
183
165
199
259
506
379
531
361
497
714
770
377
650
496
459
483
437
374
481
324
581
551
538
993
986
1056
717
183
193
117
187
485
849
584
456
841
830
433
302
417
247
522
557
415
353
525
597
874
1311
1082
620
232
157
208
122
549
402
477
637
597
858
527
578
260
292
554
724
507
397
671
808
1061
1158
1172
777
225
92
215
209
255
296
510
477
460
627
479
411
458
324
521
457
443
540
540
725
1054
641
1156
573
197
97
124
303
383
248
291
164
212
276
483
329
350
361
308
406
529
368
376
529
327
497
1054
638
118
164
41
318
538
560
364
484
237
428
240
234
193
417
193
208
313
266
325
405
171
153
145
156
106
441
641
321
235
130
89
166
58
43
312
274
442
275
291
485
697
1022
734
890
618
243
174
267
131
381
273
393
706
1094
620
580
560
592
481
323
105
155
382
364
308
235
350
269
288
164
140
555
253
63
265
392
328
613
1032
721
666
361
628
444
330
460
581
665
522
905
458
792
812
747
1026
496
249
56
236
123
180
222
224
273
288
650
525
761
464
464
467
502
569
643
320
527
524
919
1133
605
153
133
33
87
76
133
507
279
316
691
396
623
462
258
364
449
259
462
635
473
672
866
977
818
189
36
151
73
127
306
504
395
311
263
242
191
438
240
222
458
496
230
251
180
101
110
76
212
102
119
591
502
570
342
177
241
237
219
111
190
221
100
228
237
259
305
335
336
257
182
215
150
234
298
400
456
579
249
241
199
206
134
136
259
228
195
160
165
121
281
555
189
241
43
150
170
239
666
382
322
259
213
202
190
149
183
278
173
241
166
371
210
282
231
238
270
230
333
264
248
155
194
125
427
231
386
316
136
346
330
271
317
573
425
539
374
265
378
299
131
540
590
819
599
161
46
347
308
395
419
565
388
234
388
504
365
281
328
426
510
340
408
301
338
522
452
780
290
157
41
253
401
331
457
340
386
326
872
340
373
395
266
454
528
419
431
451
375
411
673
635
499
132
84
147
162
170
185
323
277
523
389
205
214
263
183
313
273
253
383
345
211
306
353
429
332
137
21
77
62
51
48
33
53
74
34
72
97
21
53
67
48
46
33
29
17
3
nan
nan
1
2
5
nan
6
11
17
12
75
30
32
41
72
122
123
98
123
131
123
266
177
151
51
213
99
156
441
530
351
285
361
384
235
270
331
252
512
203
193
510
587
367
508
354
323
666
592
657
505
234
124
478
122
429
447
571
386
159
181
196
374
474
265
361
320
447
443
349
65
278
728
536
664
190
74
95
198
157
133
347
317
267
487
249
344
224
143
279
311
310
322
186
408
541
888
562
540
151
154
216
235
293
350
380
418
543
373
582
320
171
29
410
436
418
281
95
264
408
655
365
525
128
78
98
178
178
276
202
227
141
260
162
259
180
248
470
291
403
284
174
317
366
535
681
649
134
127
160
127
218
567
165
173
207
179
137
357
217
251
105
69
225
120
194
185
196
105
113
83
158
77
456
236
572
335
349
145
95
168
187
161
164
133
202
170
229
259
415
271
241
173
121
136
135
342
849
459
263
138
237
100
112
202
200
103
127
130
306
233
298
305
298
233
334
361
510
600
305
176
366
190
194
428
154
224
329
481
263
330
184
294
326
821
437
418
642
285
824
1023
959
668
136
74
172
184
455
270
350
557
236
369
418
266
356
212
210
279
386
256
212
391
382
1322
857
511
233
61
57
250
364
102
73
350
437
519
333
218
317
334
390
327
223
626
388
594
956
938
799
686
163
130
145
364
243
483
245
350
305
307
392
315
438
337
229
377
362
185
168
407
638
975
865
560
130
48
125
173
273
278
248
141
272
438
108
170
62
58
110
88
178
214
158
196
166
108
149
91
94
68
91
585
311
135
328
213
190
156
178
162
90
152
243
267
149
257
286
218
104
238
138
73
148
153
323
390
493
257
143
290
115
291
155
115
171
162
261
230
428
211
422
312
355
415
508
629
180
179
223
217
556
450
336
337
617
589
398
142
334
377
147
256
230
294
340
345
239
703
945
628
151
45
181
404
354
127
277
214
163
219
152
115
93
121
133
239
239
420
243
150
326
394
590
446
182
38
195
284
226
297
282
349
374
393
235
435
233
157
195
259
336
346
348
375
407
467
903
466
216
55
169
124
151
128
139
186
226
439
104
248
501
327
200
304
269
189
258
214
441
622
817
535
192
65
182
152
229
385
335
267
325
869
286
377
277
182
219
215
353
126
114
220
121
200
225
168
223
468
714
810
328
317
229
263
280
278
164
194
178
149
64
93
139
156
166
108
69
94
123
170
252
183
390
1041
605
347
262
207
236
201
142
111
230
206
312
418
451
213
196
289
480
631
403
509
216
116
426
151
549
376
456
336
309
279
255
518
333
327
478
164
285
531
408
412
1067
998
711
519
131
30
237
136
344
363
190
655
315
347
287
321
303
365
394
364
203
262
307
436
813
614
775
613
187
89
170
248
210
423
268
310
226
671
359
368
378
376
304
479
273
380
432
499
695
897
1148
734
133
104
251
256
121
212
226
270
248
453
387
413
377
490
292
443
283
393
421
292
716
907
632
475
202
51
71
143
154
304
481
339
395
307
363
366
303
494
175
190
372
334
348
351
321
116
270
81
149
240
937
213
244
377
146
227
198
133
149
173
134
192
217
122
227
112
168
156
314
117
180
108
98
363
768
225
271
418
330
189
210
275
197
165
370
209
285
343
416
293
305
302
420
592
565
527
97
58
113
165
656
246
766
438
592
720
493
356
217
332
372
394
352
229
221
289
503
988
803
506
162
157
119
227
455
622
385
501
395
231
447
342
190
198
281
367
310
482
512
378
719
1088
949
329
117
118
106
290
281
376
547
541
500
348
239
469
506
285
326
565
453
326
384
443
1100
971
1027
725
155
22
132
125
177
125
336
647
243
263
268
372
244
256
548
438
474
476
589
599
662
913
743
598
174
141
57
227
319
476
598
267
633
413
306
443
313
215
183
207
387
272
359
196
234
133
134
89
214
231
328
640
1018
492
322
164
189
258
380
172
188
127
309
153
188
202
176
150
103
320
157
177
149
292
230
526
336
570
740
527
864
564
276
513
366
269
388
545
555
258
405
463
690
1078
912
545
252
180
331
353
272
679
555
477
551
698
486
509
260
554
369
452
318
548
528
551
607
1007
723
764
204
129
124
313
836
678
555
255
359
188
238
54
206
457
424
350
298
565
436
734
871
1347
1137
697
172
78
201
230
464
700
739
753
268
166
277
279
226
169
206
316
423
506
222
329
765
1063
849
724
178
61
63
104
364
382
181
661
648
228
134
338
558
368
320
464
385
380
235
449
561
606
1094
460
240
170
42
141
411
491
496
385
313
395
391
554
246
223
405
261
393
272
303
179
312
135
202
103
326
726
945
959
540
386
246
268
244
164
276
112
259
120
268
116
123
148
79
110
109
199
191
141
251
303
733
376
512
271
144
227
300
244
227
166
115
154
263
276
317
258
352
434
545
520
784
678
273
99
241
611
521
877
391
182
227
237
390
218
301
187
239
358
279
471
420
417
632
567
752
711
248
24
147
359
385
376
372
233
246
202
514
349
181
183
298
278
371
302
279
302
699
818
798
715
241
64
94
147
398
192
166
261
255
301
351
271
153
192
302
349
479
486
332
394
928
739
838
617
88
84
177
149
262
254
141
307
182
265
402
257
370
368
506
388
276
341
344
417
573
605
743
633
188
34
194
293
145
170
230
64
265
217
305
365
500
155
174
242
265
228
185
136
145
184
159
92
210
541
328
539
454
419
353
163
145
190
239
182
161
166
91
115
170
108
269
201
208
186
132
159
40
233
369
944
217
539
89
294
281
165
441
158
346
262
276
540
166
86
138
190
341
541
659
464
181
196
292
614
610
289
205
164
208
297
396
333
420
355
449
579
379
474
300
275
390
407
226
584
177
117
65
360
164
139
309
187
200
255
430
598
314
497
488
388
322
440
384
251
374
458
656
503
190
60
109
191
117
253
175
340
248
228
337
344
161
469
313
499
241
323
290
228
405
667
778
530
230
110
66
183
294
529
320
95
339
589
304
393
451
538
248
317
229
162
218
212
170
97
93
104
64
142
326
456
251
748
221
219
83
265
150
310
177
247
175
183
254
178
314
215
120
91
175
70
175
469
613
848
602
312
308
198
128
236
209
191
213
119
158
228
173
162
131
184
178
220
116
115
82
284
569
725
680
216
120
233
114
197
195
155
212
186
73
357
470
467
297
301
262
421
389
546
297
190
450
213
665
422
253
175
339
528
612
425
304
457
501
280
299
431
334
468
710
780
445
619
82
110
126
499
407
227
295
252
265
450
466
439
342
279
297
367
325
325
412
502
566
557
871
599
234
87
113
157
100
428
468
450
481
358
412
365
481
454
368
297
393
287
417
131
315
534
879
452
230
86
168
74
209
154
280
406
175
441
317
309
582
441
555
222
200
300
233
449
641
906
1004
640
293
98
210
193
228
450
311
321
401
565
389
211
153
167
389
315
611
420
471
348
209
85
70
88
72
552
580
311
412
409
329
303
238
163
189
240
198
176
192
162
200
288
258
152
187
190
134
64
209
470
834
367
377
523
335
154
281
270
387
197
334
321
542
474
267
253
464
500
552
607
551
601
206
277
87
509
557
481
535
197
201
326
382
260
388
421
425
209
583
566
604
704
463
690
845
584
221
43
94
122
315
577
366
267
219
251
353
438
292
385
488
447
277
509
299
480
482
1279
931
756
194
185
61
369
161
174
267
306
301
417
508
284
270
462
374
308
254
276
575
373
587
925
755
680
221
92
99
84
109
320
154
209
262
400
336
414
282
444
290
470
354
351
292
296
663
1104
1108
706
195
114
81
120
152
274
305
700
393
451
375
312
237
372
146
163
249
280
293
282
241
223
269
218
227
316
1171
609
624
427
249
168
220
242
228
214
252
281
114
232
137
211
290
265
70
71
102
127
92
167
925
497
365
278
198
313
239
408
380
343
557
290
593
500
194
311
290
349
579
900
964
794
188
119
47
410
451
456
717
296
264
537
476
355
381
435
213
344
456
362
416
336
1085
1159
908
574
183
52
182
292
449
539
322
237
376
442
475
391
649
325
488
516
222
497
357
236
539
930
729
636
74
62
240
191
437
309
308
212
223
340
340
349
335
324
208
542
375
321
261
458
833
930
815
625
116
73
81
65
155
255
202
680
313
521
378
256
423
397
592
538
367
643
769
293
606
721
778
665
129
51
88
302
322
234
261
127
393
431
347
510
279
125
93
117
220
335
434
446
260
194
126
81
222
433
852
1119
741
629
543
238
313
252
252
334
290
165
141
140
234
261
304
211
167
181
189
155
73
138
369
800
360
337
320
275
486
339
254
421
306
488
684
271
341
573
491
331
750
824
897
542
285
186
189
449
229
257
391
290
301
489
392
252
381
364
464
451
560
515
224
390
709
1150
1106
714
203
76
138
68
213
498
362
312
787
360
452
447
302
396
449
337
600
513
785
567
715
882
1138
514
139
85
263
152
465
539
255
320
365
545
531
744
565
435
549
203
507
698
797
648
852
908
914
642
234
103
72
79
122
130
232
330
387
461
618
500
673
454
524
523
409
477
606
699
940
673
1071
596
184
123
104
280
154
213
518
339
332
234
350
488
420
339
77
283
174
212
310
349
157
132
194
117
147
204
1049
516
326
860
470
184
161
240
224
296
213
233
191
215
192
264
377
197
481
302
144
75
93
299
1041
319
962
393
359
175
290
286
269
439
152
406
309
250
467
462
424
524
516
1093
811
609
203
118
198
254
375
470
283
281
480
834
373
512
549
411
576
483
670
445
382
530
788
1072
1055
744
214
58
110
391
462
116
144
155
213
360
351
344
348
108
249
452
311
375
436
385
804
706
783
595
132
52
238
216
224
246
365
268
312
289
223
748
463
318
342
439
448
267
327
567
778
869
794
581
182
66
100
140
211
181
410
344
348
774
246
323
483
221
537
227
249
370
225
270
172
102
87
92
52
196
558
424
344
434
364
390
236
261
213
422
461
217
240
186
299
243
358
273
223
137
168
140
334
348
623
519
336
323
283
226
216
156
264
263
309
311
216
150
242
454
317
276
175
176
147
175
140
218
93
883
122
169
227
250
158
218
186
235
242
103
234
458
440
452
533
462
358
490
403
338
228
327
182
215
662
355
415
263
439
670
565
377
325
507
582
524
352
321
393
434
948
972
1110
519
243
86
89
485
279
243
248
217
543
364
486
182
317
204
628
805
466
251
557
404
627
1078
683
530
206
200
98
265
180
172
273
237
503
762
561
450
508
435
458
521
801
552
528
457
912
1215
839
769
133
132
41
114
128
184
145
177
122
532
350
171
513
303
301
255
546
430
571
721
510
739
1195
565
156
31
172
191
147
203
230
157
147
269
279
517
203
219
414
417
458
441
624
571
219
80
217
154
146
249
409
460
364
522
361
316
234
362
310
251
278
160
308
192
188
217
369
247
132
98
166
163
165
369
306
223
173
189
60
166
350
281
224
519
492
443
527
428
596
478
393
318
629
884
1036
390
164
262
97
138
326
544
523
221
365
584
446
153
159
372
483
380
330
548
435
638
935
1313
875
765
202
190
318
289
218
519
676
301
1160
394
613
403
99
82
183
254
232
550
582
457
949
905
1096
716
233
179
115
156
423
469
433
323
428
647
543
467
470
392
566
649
628
598
814
721
900
923
1319
685
227
78
107
171
403
378
512
651
699
580
479
375
448
391
234
483
516
384
562
661
555
885
949
851
182
93
94
414
384
363
529
684
200
543
236
251
328
352
287
442
421
275
329
256
224
345
159
208
157
472
923
1060
625
902
464
251
246
207
204
97
172
128
181
232
373
255
588
318
245
271
266
156
137
638
691
720
356
520
196
104
356
387
508
429
436
468
615
472
408
344
413
386
462
907
711
579
180
246
143
385
203
498
634
414
688
854
686
744
438
438
496
277
340
405
512
524
899
1301
1089
635
234
134
255
84
229
573
407
365
600
729
436
573
509
381
482
417
296
459
267
370
872
1075
1093
620
233
121
151
265
166
400
379
491
481
444
472
719
412
386
571
710
395
408
542
250
820
1084
886
657
164
89
108
84
254
208
329
624
502
446
206
451
403
501
654
677
657
510
384
399
669
822
848
605
161
48
102
203
164
284
632
412
430
555
436
414
286
228
244
186
303
284
211
201
102
131
122
119
80
325
507
574
395
541
502
309
429
501
198
441
623
218
537
86
126
130
348
260
296
199
141
134
101
239
777
196
420
391
239
173
644
556
375
232
386
375
502
508
463
696
682
690
715
735
960
514
231
192
155
168
250
349
454
330
324
736
600
533
489
294
317
329
618
286
111
283
161
477
873
620
206
29
257
268
242
374
370
467
771
583
392
635
616
172
547
481
411
487
622
675
1130
1067
1041
613
169
80
70
318
181
403
503
535
569
544
507
472
572
372
480
414
508
546
358
610
1071
1075
1245
686
229
31
41
88
220
234
380
269
465
521
218
588
663
385
339
725
518
538
331
416
451
788
980
784
178
41
73
150
167
200
250
309
399
987
666
484
345
277
384
344
465
465
379
286
271
104
94
188
145
221
62
53
193
99
71
102
163
223
148
402
577
428
302
476
562
300
179
174
35
95
99
119
279
200
449
105
284
179
304
157
375
465
651
674
408
333
327
548
584
529
518
483
830
753
982
663
263
284
373
590
396
685
754
495
845
679
600
442
685
582
448
356
414
569
465
530
470
764
946
516
160
107
221
501
329
654
766
529
761
344
208
437
137
116
274
571
201
283
326
514
640
1010
928
627
259
87
146
124
385
352
379
348
736
418
320
249
134
351
479
634
400
353
476
313
683
704
694
777
187
159
58
70
208
426
188
449
851
367
359
222
353
548
337
508
521
513
604
382
395
800
760
615
159
83
151
188
322
168
612
701
425
216
238
259
226
48
210
347
569
522
509
545
268
176
182
187
163
284
835
612
655
272
364
230
171
282
295
392
346
270
338
294
291
254
364
289
96
107
130
106
138
357
652
962
1387
717
360
281
572
350
269
138
359
340
340
562
313
368
290
213
302
231
225
232
157
245
532
414
665
459
498
514
774
646
685
575
359
282
207
370
369
416
357
545
592
832
661
699
231
74
123
257
248
559
380
266
310
258
495
351
258
226
297
263
251
394
529
368
720
820
633
560
123
98
120
229
481
468
353
481
394
572
509
526
274
384
468
402
236
457
312
197
167
473
558
655
180
55
80
105
262
307
217
263
223
362
353
353
550
505
255
458
441
385
307
342
349
588
879
649
99
151
94
154
191
577
254
376
434
481
484
291
301
182
251
260
303
325
311
349
210
98
160
141
156
569
491
367
304
468
501
60
272
248
265
275
235
161
198
267
83
149
354
179
139
72
188
188
188
425
394
458
661
254
373
216
305
370
351
321
258
214
633
480
522
608
476
385
513
548
941
622
100
171
197
688
442
310
530
301
496
801
514
681
477
448
549
624
647
457
337
393
921
1199
783
595
262
100
88
339
183
417
376
349
452
412
588
730
498
256
584
541
320
387
554
464
1137
1064
975
716
140
99
85
156
303
476
423
479
464
414
412
345
343
278
547
415
324
556
460
384
718
1020
989
558
266
122
149
233
201
407
383
467
305
274
583
672
578
551
505
522
279
524
354
412
481
682
1047
597
271
114
125
174
349
385
582
396
394
315
473
288
415
389
534
268
479
554
317
308
153
225
171
95
239
311
223
866
771
373
402
326
345
399
303
225
227
224
347
257
269
248
438
413
444
180
288
60
256
208
383
587
315
467
239
194
317
937
481
463
385
261
413
324
241
304
273
381
639
812
835
583
282
124
523
236
413
426
388
265
466
431
556
570
503
338
718
540
390
450
212
214
833
1015
860
663
234
107
84
176
155
453
423
315
566
392
472
195
119
470
673
288
319
520
384
609
1060
685
988
590
264
80
245
194
282
329
482
683
574
563
262
708
745
419
481
634
416
562
481
488
794
908
1174
396
212
72
97
223
222
355
625
564
506
590
333
482
444
454
533
471
230
347
323
443
764
711
655
690
182
54
81
70
286
321
227
420
148
230
153
258
231
155
128
113
198
234
295
311
130
76
179
143
103
443
257
620
472
155
178
94
191
121
113
241
235
82
145
135
207
299
143
134
139
98
86
177
106
375
288
234
495
218
202
88
309
154
185
124
170
197
269
126
187
216
150
292
457
593
453
212
126
68
281
71
344
244
528
463
754
428
537
502
427
370
302
604
404
581
603
608
1125
896
800
535
71
116
152
329
298
489
442
338
570
466
470
477
552
337
616
592
275
522
471
584
719
815
777
635
213
87
40
222
164
402
426
482
336
731
515
836
678
509
599
341
407
466
351
392
626
649
662
376
233
59
162
140
249
393
435
714
374
277
248
716
590
340
303
330
325
485
279
429
657
931
587
886
266
62
165
180
252
248
248
701
391
428
457
470
271
368
229
371
286
318
527
348
235
104
231
135
90
399
973
343
466
229
180
233
281
318
326
371
269
323
349
197
275
186
343
284
522
208
212
184
114
221
844
677
709
889
337
228
310
257
397
425
431
284
545
504
518
427
440
640
854
853
826
597
169
315
240
238
340
619
557
434
726
496
511
623
436
496
383
674
365
560
440
478
928
911
744
569
162
56
266
218
372
166
671
393
477
331
288
484
480
253
565
428
315
293
456
316
440
490
590
628
178
60
123
152
204
372
741
393
475
248
313
376
408
434
506
511
603
421
466
426
588
1056
960
369
235
112
66
182
385
404
549
608
395
622
416
457
439
365
475
516
506
600
595
663
1027
1015
828
531
181
42
129
208
284
301
787
347
691
418
600
421
396
378
293
279
475
342
530
262
82
12
164
210
118
657
857
409
449
141
182
155
222
168
403
304
230
356
647
206
238
217
270
253
225
188
185
234
186
392
423
337
141
35
104
159
108
135
283
341
407
278
308
636
526
408
315
566
818
903
1091
875
157
68
130
300
303
438
359
360
306
605
520
445
262
128
197
238
459
479
412
429
639
964
1622
794
175
12
198
212
218
588
604
378
760
532
493
557
444
223
233
375
260
272
386
205
709
1339
1188
656
211
49
242
200
435
386
521
368
525
618
338
369
461
524
429
566
447
390
442
472
373
988
1105
603
182
121
91
137
203
376
465
379
552
654
578
614
808
628
472
525
492
429
509
214
568
707
956
740
196
100
106
236
89
383
317
447
613
319
241
250
251
313
271
157
369
295
345
356
230
146
118
266
282
256
807
1
630
584
307
307
205
212
216
261
288
483
307
226
227
543
523
360
308
293
347
220
212
179
811
576
603
432
290
177
346
350
293
281
299
314
295
189
459
438
355
524
755
805
1012
444
162
64
175
228
369
382
249
277
300
518
356
285
386
318
470
497
458
482
434
366
465
970
1164
572
191
74
212
368
258
455
674
540
812
457
289
611
432
305
480
518
556
518
524
444
772
1075
1108
759
151
138
126
260
460
368
256
847
347
400
653
335
527
449
428
524
382
608
656
421
712
730
870
737
134
35
89
167
217
333
237
752
564
396
444
449
427
593
274
497
576
512
398
506
580
804
1110
870
206
59
122
186
163
327
301
370
455
321
397
332
479
341
662
307
432
448
302
257
230
139
170
113
71
490
237
341
579
628
280
281
290
676
313
370
262
318
696
532
687
215
225
447
313
219
237
322
168
533
541
800
428
284
316
241
431
262
362
406
470
495
554
547
494
602
337
556
667
686
1008
787
201
132
358
355
285
562
529
193
477
820
280
373
848
486
487
542
532
569
609
386
966
867
1391
791
235
122
143
142
225
343
519
688
802
787
772
788
639
236
578
737
445
480
342
260
938
939
740
658
163
48
147
120
281
229
414
586
434
573
320
382
459
396
367
334
502
300
481
403
638
790
1146
728
208
74
136
116
267
350
491
780
316
293
648
297
307
390
236
318
544
388
420
512
657
751
713
642
221
152
154
113
139
434
95
153
167
333
675
350
280
179
177
223
361
223
182
239
344
132
106
151
244
137
895
1374
741
513
735
208
227
317
188
118
200
152
168
77
139
307
280
204
224
174
159
206
103
105
650
1163
410
377
285
243
597
396
259
404
229
232
283
345
295
565
496
294
224
816
991
591
169
83
278
80
353
785
351
343
459
539
343
211
404
253
541
280
322
522
553
569
645
528
540
515
136
141
119
302
195
224
295
556
331
602
199
434
522
440
524
430
330
325
585
529
645
814
792
608
163
58
78
219
225
353
398
551
571
359
316
402
768
530
520
456
423
485
424
613
1183
1258
945
528
159
157
55
163
182
542
329
693
516
305
439
510
441
377
272
398
695
549
345
290
231
334
296
168
104
41
362
621
382
259
326
302
308
193
314
243
251
178
368
244
153
392
279
283
180
161
118
114
234
478
725
671
397
473
426
328
444
408
256
419
347
465
266
209
170
293
429
290
165
182
177
83
140
365
449
902
421
472
472
261
328
451
421
277
477
468
360
339
373
416
334
334
591
710
629
396
70
65
334
388
185
294
322
545
818
570
638
278
597
471
370
353
288
460
363
329
458
903
1008
651
134
225
253
227
317
360
428
483
378
429
502
325
519
339
411
548
542
472
478
469
622
952
830
655
263
70
94
187
295
389
425
675
394
671
847
525
431
334
291
816
390
343
416
393
776
633
868
639
194
46
153
83
369
331
387
464
467
326
566
566
689
456
691
563
448
458
388
356
599
937
745
507
175
98
197
277
168
276
360
223
433
193
298
329
218
384
398
268
271
367
365
173
370
108
231
217
307
338
768
981
735
361
289
228
318
386
388
271
484
407
360
255
145
352
771
504
388
231
250
167
132
230
897
963
357
301
198
226
281
233
689
226
272
230
303
827
688
610
658
272
899
1028
651
591
155
118
89
478
392
461
434
205
471
841
409
305
419
375
519
505
630
460
269
526
910
1148
834
649
125
88
123
249
172
220
560
431
312
744
321
244
420
452
337
800
264
406
220
338
677
872
1021
598
123
95
145
174
264
81
565
708
653
394
534
518
523
357
625
588
550
553
458
311
1156
1310
1043
644
191
94
18
101
55
248
433
378
736
235
563
754
522
428
451
459
389
544
356
425
861
937
538
294
141
51
156
103
193
458
349
1353
327
285
536
545
302
674
490
493
329
304
220
247
186
194
117
102
214
553
628
549
465
382
423
246
324
338
231
341
368
328
468
238
112
257
316
197
136
169
53
94
186
139
1302
972
540
818
532
301
621
466
341
385
445
269
439
524
384
818
586
514
898
991
533
709
108
144
43
151
285
507
343
1102
225
835
566
396
286
387
545
503
425
755
544
730
695
953
1049
487
236
56
161
136
246
247
580
931
636
538
257
620
574
460
409
343
377
441
226
285
549
687
711
381
77
24
47
170
106
264
487
489
452
467
867
419
485
442
545
479
697
594
553
708
1191
932
900
520
102
47
55
121
211
382
415
265
245
555
266
543
511
353
319
378
312
721
756
297
644
784
1115
639
140
77
139
277
132
486
132
335
337
159
154
106
437
235
418
263
226
514
269
169
267
172
56
118
156
54
61
200
155
612
459
394
143
16
69
131
214
177
92
100
238
165
142
109
55
53
135
98
87
136
317
488
208
109
105
89
355
35
19
112
122
192
254
456
394
281
447
702
625
534
634
306
132
73
81
187
191
337
251
316
693
103
305
415
299
203
148
293
341
310
283
261
161
244
186
77
18
27
20
3
35
46
85
366
382
355
322
601
490
344
561
427
427
579
355
595
404
957
409
511
113
81
123
141
343
269
265
456
514
380
738
471
394
408
402
408
499
564
573
464
1238
884
890
584
194
92
82
85
149
254
247
473
637
400
590
644
524
259
359
494
610
386
534
389
869
1064
1081
652
236
19
77
160
88
328
445
929
481
237
308
348
364
393
356
173
229
432
197
174
205
180
137
43
141
475
720
1356
602
383
636
303
345
270
185
477
288
299
239
290
220
432
552
258
272
161
416
105
134
653
353
757
658
625
422
238
383
625
396
437
424
166
219
562
523
594
205
451
596
534
346
222
135
74
187
428
198
571
443
528
674
726
542
462
464
475
385
562
572
545
507
426
890
833
1317
556
188
163
208
176
264
334
312
646
631
548
680
726
597
381
584
313
481
433
356
633
760
772
798
488
231
71
228
206
184
448
377
613
646
589
514
220
563
363
337
414
293
491
454
614
753
851
796
403
150
23
113
76
76
170
506
382
519
489
465
471
439
439
471
271
219
406
238
416
393
175
183
304
132
167
197
199
450
358
714
207
571
256
195
202
312
290
486
100
256
123
226
225
160
171
156
198
287
543
490
328
529
517
694
363
216
85
82
287
605
297
316
121
187
195
288
220
246
143
179
125
124
166
626
544
438
340
266
186
193
235
231
249
198
270
232
379
274
299
254
370
846
796
625
230
162
55
130
316
405
206
410
285
229
451
392
449
451
523
469
450
534
513
418
516
700
688
866
602
149
151
227
158
123
180
388
357
420
323
189
552
550
260
383
256
259
234
216
204
234
287
239
244
65
40
37
92
144
156
230
513
371
652
573
336
616
621
467
673
651
580
688
509
885
925
423
735
278
82
104
152
278
146
462
160
488
485
703
531
462
462
422
579
400
423
492
503
984
559
884
652
153
54
99
118
128
443
172
121
273
245
295
340
180
216
339
432
313
245
207
185
291
135
178
146
84
350
198
863
780
345
842
265
241
242
114
159
285
287
524
170
109
124
217
161
126
153
117
129
53
188
538
265
329
414
386
463
486
144
120
172
184
387
159
199
334
386
402
340
573
834
755
527
236
224
173
210
266
332
220
453
228
608
173
591
421
392
324
356
438
548
447
218
585
872
721
584
173
38
135
152
177
289
269
324
537
285
191
617
500
278
337
212
359
385
425
360
540
941
772
663
143
58
107
239
221
183
126
435
614
291
182
229
229
380
463
355
340
342
362
203
532
782
574
608
157
100
117
91
139
163
264
178
386
363
406
348
254
301
330
519
363
250
131
216
350
524
660
450
189
144
75
45
281
246
173
104
104
154
97
200
100
109
270
146
71
34
116
95
73
57
39
60
79
224
262
45
371
113
111
79
135
80
73
187
146
131
134
149
163
131
167
72
75
47
94
186
138
71
62
2
75
15
