-1
42.9904
56.4137
47.485
47.3184
46.3613
17.4667
26.0433
96.6446
159.515
40.4911
25.01
11.3689
13.4613
14.1324
6.54948
10.945
10.6602
10.6045
11.0668
8.77734
6.28235
13.1001
15.8877
19.4236
14.5896
34.5741
28.7005
35.6232
51.7818
43.9256
61.7705
28.8513
17.3876
30.7397
14.5609
29.3849
27.5725
35.3046
27.2326
20.7992
17.1892
11.2321
6.89779
8.62849
5.49389
7.08177
10.0571
15.7488
29.4973
46.6839
69.8863
35.4025
36.2456
31.7596
33.8203
30.8108
44.8325
27.5263
22.8915
22.476
17.8856
27.1191
27.1111
22.2324
19.4057
11.6101
9.64385
7.65138
8.77846
9.03664
9.3932
10.1026
15.9404
18.6741
19.5216
30.7164
43.3643
49.5807
60.1709
51.0202
51.8927
51.5805
78.1568
30.3464
41.0511
27.9083
22.8442
21.9545
12.0353
11.3463
10.0975
10.9481
11.7568
7.70518
7.61605
12.1961
14.286
21.9966
20.2933
24.5715
44.4933
36.9285
39.3536
12.1232
35.5561
44.3453
53.556
29.5873
24.6817
20.0761
19.9582
16.1798
12.9927
11.4336
9.35488
7.70775
8.38075
8.63879
13.2335
13.1596
13.3727
15.3217
19.3695
24.5677
33.3428
32.9815
39.1595
39.9098
39.5858
34.0791
32.6366
16.804
17.5053
13.8601
11.8812
12.9625
10.6676
6.89378
9.19228
10.7666
20.1434
8.73828
9.04505
9.36143
9.9605
10.4377
15.5843
23.391
18.5109
38.0749
22.1934
15.2203
15.4946
14.2396
6.99631
14.1394
7.24096
9.40099
7.97091
10.7419
9.53034
9.57239
7.25822
8.38584
8.94715
9.94531
8.55958
10.5805
10.7194
15.1046
15.3938
18.0193
34.8292
24.787
16.6083
17.0568
18.6675
13.7773
17.5062
17.8998
18.765
10.6855
14.1888
17.3411
9.96859
9.72358
20.4417
11.092
9.48918
9.51088
19.5186
15.8422
33.3787
24.6416
34.8836
26.6771
31.0299
27.7646
11.249
25.508
21.9501
22.3251
15.8278
16.8756
17.1487
23.1274
21.4972
23.2941
15.5856
12.1856
9.94428
8.19152
9.91252
9.63646
11.1467
17.558
13.8791
27.4325
24.6779
25.4908
20.516
21.9293
21.2955
29.9376
21.4655
22.4891
23.0635
15.0247
16.5854
16.7797
14.2715
18.1493
12.0182
11.506
9.82649
9.43909
8.47472
9.39628
9.55712
15.0531
5.01532
18.1787
19.324
13.6012
19.9268
17.415
21.8906
11.1689
16.9147
16.4362
35.1482
24.7561
21.8959
16.2332
16.4614
14.9144
14.7428
8.55228
9.55915
8.14991
8.68686
5.64957
9.41888
3.86507
15.4129
15.7898
16.7481
20.1669
22.6874
35.7416
21.6834
12.1404
21.8046
16.9849
15.7576
27.2859
19.5689
24.5248
24.9811
14.9525
11.5606
9.17942
5.61845
7.54208
5.70652
9.03172
8.86996
9.76817
9.86044
16.1339
14.2532
17.549
25.5798
22.8218
20.5705
18.6362
10.3547
14.587
14.4231
15.4983
10.3697
14.716
14.6481
15.0477
11.2759
9.65003
6.77908
7.21321
8.31575
9.1547
9.26887
9.25064
13.6816
15.3704
11.3636
19.5027
25.6006
27.3943
26.3208
26.5335
26.9195
27.5611
21.0903
18.1351
16.1976
15.7088
14.3069
16.532
10.5895
10.3923
5.69183
9.29798
11.2391
11.7247
10.5673
11.1324
23.1646
34.2976
23.6841
34.8654
50.9109
49.0486
31.1159
20.024
16.9921
19.109
42.0868
20.0812
17.6515
16.8718
11.0567
12.3792
8.35305
7.45285
7.61496
9.00454
7.32336
14.9815
17.2241
18.6492
39.7854
40.4508
31.6004
54.6356
46.5634
17.5854
33.8906
21.534
22.7739
23.9988
17.7327
21.9081
15.7807
22.0323
20.3496
16.5399
11.9157
9.93853
7.05248
8.87302
8.7273
9.30037
9.30457
10.5566
11.3731
16.7284
18.2093
20.3617
33.3673
33.6202
37.2841
21.2152
21.8299
26.8882
23.9539
17.2356
17.3988
24.9451
19.0703
19.3193
13.0049
9.16035
10.0164
6.09175
8.94908
6.57377
9.71121
11.1071
9.36444
12.2114
19.5896
83.0058
23.5926
26.7144
25.9403
35.2877
16.4613
18.2784
18.0362
27.535
21.1837
16.111
16.309
16.1892
13.3785
9.64502
10.0756
3.54049
10.6181
8.89746
5.40214
10.7561
10.917
11.7243
20.6962
13.993
16.6499
26.2889
22.0791
15.1419
15.7012
17.5902
18.9963
22.1921
24.572
19.3281
18.0341
15.012
8.53602
12.7347
9.99114
5.48556
9.135
8.73079
6.75349
7.24592
10.3658
10.8089
16.1769
11.9592
16.2743
19.9796
16.6108
13.9169
14.8418
19.4513
15.47
22.1009
22.7886
20.2396
17.9061
11.4613
9.27385
11.8695
9.67689
9.53568
8.44077
6.29358
9.02161
8.65164
8.94009
14.8441
15.1485
23.2689
22.1177
29.7292
27.4798
13.5946
19.6615
29.6027
20.0771
17.4959
16.3346
9.27164
14.0764
9.29459
10.8639
9.89194
7.77212
9.54459
8.84019
6.30657
11.749
13.0774
18.7303
30.4712
31.1004
47.857
84.1596
95.709
48.509
42.5768
21.6155
4.86895
44.3098
22.7542
20.5196
17.8125
20.858
9.53504
12.5309
10.1462
7.67695
9.50339
7.02694
7.65718
8.24432
13.5402
20.4063
28.6097
20.0162
20.6623
32.3126
36.8765
17.2411
14.4554
26.1263
27.9317
23.0833
34.8286
35.6294
30.33
25.5067
16.8017
12.6409
9.1591
10.4712
4.37831
8.94298
9.89559
11.1281
7.99554
11.9782
14.7181
13.1514
13.3317
25.5153
35.0432
17.8759
23.5488
19.0242
20.5605
17.4671
26.4115
39.9748
32.9928
39.1798
16.8188
13.0894
13.7822
9.7075
7.71412
9.23018
13.3431
9.86745
11.0164
11.7872
13.5526
13.2803
20.9449
25.5823
26.1226
40.8742
25.8436
27.9851
25.7069
26.8101
27.653
20.3685
26.5483
21.2274
17.0017
11.1709
13.5925
11.177
2.65667
8.92263
4.75266
6.77154
9.49382
7.95825
11.6539
16.2022
10.2265
17.6537
26.4989
24.2163
34.1983
20.6476
25.8238
25.5569
23.8329
29.3541
36.4137
23.6489
17.8943
14.1408
9.58461
10.0894
3.58644
10.1785
12.3207
6.51643
6.97881
9.95677
15.3689
11.2198
11.8936
18.5048
15.8796
19.6379
18.0747
20.5323
18.9135
11.7244
28.7078
21.7572
28.7898
15.8034
20.6625
9.20747
9.99498
4.37093
10.151
8.40282
8.40546
8.82336
5.91832
9.26391
11.7832
15.0125
12.6538
38.114
56.5156
54.2818
26.3711
18.2862
28.7646
25.2128
19.6486
23.0964
16.7306
9.2615
11.4524
10.2506
5.13553
5.31281
9.74386
7.85762
10.407
11.9206
17.8006
21.6435
29.1145
28.336
21.4901
49.5615
73.5893
52.1138
48.6087
21.8512
16.252
29.6616
27.247
13.3904
14.3565
15.6661
14.1892
12.1973
10.3821
7.42843
9.4645
9.94395
11.2583
11.6094
13.0451
13.3261
26.2425
19.6383
20.7231
42.8899
31.411
21.6259
21.2176
11.0124
23.068
19.7289
16.0336
32.8543
16.7694
22.8473
10.8614
17.8684
37.4881
132.497
7.82113
9.53174
10.0214
9.82247
11.0756
9.28122
17.1951
17.3265
12.5032
23.0964
25.3976
16.726
16.0774
16.5124
16.4702
22.8319
18.6718
33.6114
34.3903
20.2893
15.0755
12.9349
13.2665
7.76233
8.30811
8.55062
8.10557
13.3356
10.166
10.9529
17.1455
16.6932
19.6023
21.6003
28.9355
20.9221
14.3584
15.2072
16.2951
19.3904
22.733
15.8144
19.7823
15.7766
14.8731
8.74523
10.1427
11.9621
7.3252
6.20162
6.42754
7.18622
9.25403
15.092
33.2551
18.9163
18.9095
20.0308
33.5065
27.1317
25.3689
15.9588
19.3488
22.2011
19.5141
15.0188
22.4836
17.3218
14.5929
8.75057
9.7095
9.4537
5.07764
8.54076
12.665
9.00945
8.91837
13.0968
14.1912
14.716
13.7739
15.8405
10.9395
14.2576
11.7305
13.7924
15.7917
9.25547
13.1152
14.9094
12.7184
19.7109
19.2396
17.2575
8.83599
9.91551
6.23272
12.3379
6.43043
8.44186
11.3286
8.85946
15.7908
17.0491
18.6767
8.21981
7.34605
21.9085
19.6013
17.2023
24.9192
26.7702
10.4179
23.157
19.4095
18.111
15.0449
9.70241
9.4598
7.4415
6.092
6.59595
10.287
10.8915
12.3723
14.7223
21.3254
16.036
25.0149
28.8791
28.5571
29.931
18.1543
18.6863
18.6491
27.1887
23.4501
16.9057
15.3369
13.911
21.7532
9.83326
9.86971
9.21471
9.23611
7.06438
7.25457
9.49178
11.0502
33.3561
23.5841
25.4797
22.7216
32.1435
18.7144
18.8198
13.1799
17.7829
19.6732
25.0628
18.4211
16.5378
15.6037
14.9081
14.5761
12.5997
8.99125
10.4481
11.7668
8.77061
9.43549
9.94495
13.7655
10.555
11.1641
10.6513
10.164
14.9989
14.8941
10.2331
18.5397
16.8941
26.2091
12.3903
18.2436
8.78217
22.0721
29.3932
10.7734
13.637
10.7735
20.8189
11.4699
9.24289
13.7147
8.5593
22.1172
22.4434
19.9495
34.23
26.0749
34.2393
16.4639
22.5908
14.0244
34.9212
17.9405
55.1591
28.9631
22.6577
26.0356
29.9404
22.2986
18.0791
13.845
7.78493
7.16227
4.16178
9.70126
7.09937
16.0059
13.5481
18.3978
13.2858
23.5309
33.2616
31.0811
11.4484
20.5774
14.0968
15.061
23.3583
35.2925
23.9607
28.3094
18.008
22.4541
13.4662
14.0925
8.18607
10.2139
8.01646
9.4585
9.768
10.1661
15.0474
10.9147
12.8505
12.88
8.67897
16.2468
22.2721
14.8736
13.6113
11.6933
20.2313
18.402
27.3316
19.9766
12.083
15.5914
11.8465
9.19831
10.1241
5.98498
8.6973
9.26474
9.19036
10.1163
9.69102
10.477
14.2424
15.1797
12.7851
20.0127
26.4709
13.3844
13.5393
37.5597
19.1144
18.7883
11.8672
10.936
9.84326
11.4108
7.54698
7.39675
8.00718
9.47999
7.83448
6.37197
12.245
19.0055
27.6818
24.5697
39.8087
19.3414
38.5126
38.654
34.6499
22.5905
14.0805
21.1265
22.3194
21.6305
10.6133
12.4418
17.0696
10.1558
11.4208
6.86833
7.04978
6.11842
7.35725
7.95913
12.3539
31.9404
27.606
36.8337
27.7137
24.5763
27.4014
20.5603
22.7722
33.5426
23.0954
15.2008
17.2579
24.0188
24.0394
24.3675
18.9868
17.0287
15.9304
13.2809
6.66101
3.93928
6.55521
9.35745
5.32805
11
11.611
18.1451
18.1803
14.1908
21.1749
21.5001
16.5905
16.5274
17.2995
30.8069
18.4019
18.1742
29.9718
24.8343
27.3914
16.2685
13.125
9.57092
9.44526
7.69573
8.98507
10.639
10.1407
18.6462
15.6752
16.9697
12.2191
13.4777
23.4003
19.1702
29.9435
27.717
19.4402
38.9062
34.4213
31.8312
26.9878
17.8677
17.2737
16.1282
13.1901
10.2609
8.38041
6.18565
8.80914
12.983
11.6062
11.7892
10.8403
11.981
13.5884
12.2681
14.2223
38.9609
18.6563
19.8072
16.2984
15.8416
12.6395
21.5849
16.9698
22.1784
17.67
10.3031
11.7115
11.8924
9.57193
7.4223
7.34122
6.31755
8.99619
10.0637
9.48279
11.8972
11.1353
15.0833
12.199
22.536
14.7612
12.5396
10.3969
13.0774
10.8041
14.5954
14.9096
13.5311
10.8788
15.1905
11.4808
9.77545
9.24951
5.96392
8.14072
8.7789
9.00975
9.19941
8.71213
13.8123
14.9329
16.3581
13.2195
20.8131
35.5166
12.8006
13.3286
27.2361
13.1086
13.8579
16.8888
14.5098
9.84043
11.2302
5.31605
7.5106
8.33421
9.90115
7.82475
13.8568
12.1557
8.37402
13.7817
20.8428
19.8551
13.7809
28.1704
26.9239
25.6643
23.7119
16.4581
21.5161
15.7054
21.4319
21.8469
13.6505
12.0494
14.3975
10.4216
9.1055
7.83238
10.3105
8.33893
7.70432
8.52916
11.7461
25.2041
24.5012
14.211
19.0452
32.0524
39.0545
59.0352
40.924
35.6451
78.7006
25.199
38.3723
30.3523
22.1036
15.9293
15.976
16.1359
16.5518
9.37322
10.8525
8.11701
15.4162
10.0029
15.5116
12.9104
19.2321
19.3376
15.7314
22.1072
24.1409
17.1243
12.7122
14.359
16.0885
15.8631
20.4413
31.9997
25.5053
18.7672
17.1793
11.9119
10.8048
10.6052
7.25904
8.80792
7.17838
6.51922
10.907
7.60543
14.9798
18.2411
13.2285
11.6986
35.739
21.5657
16.8123
16.3941
18.4101
23.1272
17.258
23.8891
26.8635
12.7511
12.34
10.3331
11.9896
9.8992
10.4885
4.24623
8.2701
6.84313
10.0276
10.8274
16.6365
16.4926
16.7973
27.7924
32.5056
14.8479
21.0822
17.1883
15.7603
19.9628
20.7256
15.8014
13.2269
15.5732
13.7115
15.2008
9.71554
6.9096
7.54522
5.98368
9.46525
9.29182
9.81324
6.89536
13.0294
15.9283
11.9111
13.519
21.0538
22.4072
15.2339
9.84523
14.4145
20.773
15.0618
22.3512
15.549
22.471
8.85795
9.19338
12.5656
6.83025
5.94207
11.8524
12.8988
7.46555
8.99769
8.64317
9.54751
10.2002
12.7419
13.7137
17.221
18.7881
25.8275
20.1506
23.7933
12.2515
11.2929
7.61601
10.7649
6.95744
6.198
7.68149
10.3017
8.13911
8.95423
6.73521
7.6355
8.11724
14.4324
11.5406
20.5844
14.7514
8.01881
31.6483
19.8352
20.7766
27.8429
22.9506
22.4743
24.0104
29.703
21.5631
17.3578
18.2618
17.3991
7.30431
11.0387
8.15448
9.60403
9.81909
5.64962
10.7952
9.10869
9.35005
25.4923
13.612
21.8529
28.1046
13.667
15.2924
17.8099
16.1764
18.6446
12.3949
17.1663
18.4969
17.8641
15.1973
11.0991
9.67614
9.67617
5.58337
7.97321
6.71166
9.24744
9.67333
10.9565
11.8798
13.0776
13.0656
13.3898
21.4282
22.647
23.9232
22.4064
15.5723
16.6001
16.3433
17.2153
15.4376
20.6982
17.118
11.4106
9.35391
7.02548
9.74754
8.03002
6.21943
6.2034
7.03324
11.0833
10.8294
31.6688
11.2589
12.8963
20.0955
25.4026
17.5523
19.8218
13.8963
16.3169
23.6841
16.4974
19.4624
23.4589
19.6771
19.2403
13.6215
10.171
10.0398
11.074
17.1208
8.40254
5.50843
10.2389
12.761
31.4523
14.0145
13.5386
14.5
18.5138
21.4411
20.8366
16.8182
14.5952
17.6862
17.9595
23.1415
24.3396
18.0483
22.2988
11.9198
9.42116
10.4515
8.54877
6.16746
9.65959
7.66211
16.8422
11.8827
12.4118
12.7615
12.4893
12.7457
15.3657
14.0462
13.2973
14.3079
12.8629
15.5095
12.7457
13.1629
15.9222
14.6724
11.5498
11.4947
9.39359
8.05494
10.4802
8.20242
4.72381
8.72708
9.30696
9.58047
9.81052
10.3437
17.2833
12.8941
16.2645
18.9843
17.9572
17.8631
17.9633
19.6108
13.1584
11.809
8.80507
9.95402
9.50877
11.0812
11.2775
4.34269
9.55222
7.64193
9.29599
11.5632
7.4823
13.8942
19.8978
20.2351
19.1077
25.0129
14.8266
18.3925
21.7188
12.4431
20.6462
36.6318
25.3257
21.4968
10.4763
8.43158
10.9238
12.3518
7.70436
8.37768
6.30514
14.463
11.6212
8.31969
16.7235
16.7861
21.5494
25.373
15.9143
24.0661
20.308
18.8467
12.3331
13.2365
21.9669
12.1179
17.9871
16.8863
23.6514
18.1409
16.8365
17.3321
9.53787
10.3437
11.1229
10.6695
8.95967
8.30534
10.6841
11.4444
12.2626
12.8098
10.3568
19.8415
24.8814
41.4572
17.7613
19.4025
19.2736
20.4158
15.2543
20.823
19.487
15.0023
18.6705
14.2727
8.29456
7.67636
8.12524
9.00819
26.7123
14.5336
13.9806
14.8933
11.3035
17.4651
12.7594
13.6183
27.1819
23.3091
20.8407
16.1039
17.3942
34.5981
25.5647
22.1328
24.4817
25.5876
16.523
10.8478
6.74378
9.86511
6.41035
12.466
10.7227
6.72336
10.4024
15.0104
15.7761
16.4148
20.2027
19.5728
20.8604
20.4991
14.9789
22.8475
32.7731
22.9639
15.2414
22.1816
20.7338
17.5337
16.9714
12.9076
13.4124
5.0372
10.6413
15.43
6.12369
8.76334
9.60557
10.0509
10.573
11.1108
14.7336
13.8213
20.6773
14.5369
12.381
14.1484
11.4586
13.2864
14.4464
14.0725
16.0624
14.9775
15.2921
11.7516
9.68799
6.95447
7.00827
8.60242
8.68575
9.23592
8.7269
13.8772
10.47
14.7407
16.0874
12.5119
23.1882
13.5627
18.4597
35.1446
35.6379
11.3743
18.3554
17.372
9.82547
9.65659
9.37999
10.1493
7.57205
7.35693
8.23732
7.88801
8.13226
12.736
14.1592
19.4618
23.0659
19.1239
25.2255
35.3129
18.5007
30.8087
19.6565
15.0592
29.3933
41.8767
29.5564
29.0215
12.6787
12.1134
7.32436
12.6604
7.67556
11.3682
8.9034
10.4197
10.3606
11.2379
9.46925
9.56048
25.2743
14.3186
21.8986
17.7076
17.4088
16.5579
15.2999
15.072
15.73
14.3518
10.9717
15.5153
21.2219
18.7099
13.2282
13.2491
9.11106
10.3669
5.70873
6.81978
7.00735
11.0454
11.5934
11.5159
17.7812
16.437
10.6222
15.1235
24.8598
16.0924
13.9813
15.6331
17.286
13.7305
16.9836
25.3878
14.0153
17.6093
15.4124
13.6503
9.61741
7.19081
10.4206
9.30283
9.60211
9.82162
10.17
11.421
17.5221
18.9642
15.3543
22.2457
17.8523
27.6768
20.372
24.6444
31.5894
27.9081
37.0052
18.9298
21.7278
15.2155
12.4208
11.8945
10.7435
7.69363
7.87559
12.2812
6.57703
6.86565
10.6321
19.4489
21.9855
17.209
12.8182
19.4924
31.8197
20.3377
14.604
16.3192
13.0283
11.0128
7.28831
19.0122
17.6425
19.4977
12.5039
12.9171
9.36081
9.78834
7.26165
5.66783
6.50043
9.304
9.81516
7.24614
10.7028
11.4203
10.3539
13.9046
14.7612
19.1419
9.91417
10.0137
13.6181
20.1333
19.2564
21.3986
17.2005
11.29
15.4243
8.73616
9.62453
4.93353
9.65715
8.16707
8.5488
6.42209
9.48093
9.3899
9.90165
13.0092
11.9413
18.1163
30.4478
27.1325
18.1997
19.3938
19.4869
20.0198
17.8248
17.688
10.7397
9.71796
12.1985
7.07852
5.30108
7.81906
6.37533
7.41429
11.8924
13.2535
13.4843
14.0984
28.5996
17.288
21.7005
80.3208
96.3219
64.4953
21.1171
20.4474
18.343
33.8803
15.253
15.4543
12.3983
16.2135
10.5196
6.14352
10.8909
3.89838
9.40762
7.30067
4.98456
8.22079
12.6969
26.2989
17.3446
46.1123
27.5261
15.587
16.6762
40.5594
20.808
20.8364
19.7606
19.2196
13.7388
15.9065
18.0635
23.2756
11.2649
8.9364
9.40899
9.71864
5.52641
9.83556
6.94418
13.1887
8.49813
12.1898
12.0545
12.563
14.251
20.3059
33.5005
11.7123
14.5169
21.6198
17.8538
18.36
16.9088
28.4787
14.0852
13.1187
16.9675
9.23235
9.42228
7.37729
11.1856
12.8865
7.85834
10.4105
15.7489
10.9384
15.8565
14.328
12.8772
19.8452
17.0413
23.4556
16.9508
23.8352
24.3477
32.4761
19.2495
19.4947
14.067
18.4212
15.5369
12.618
13.4795
7.0642
7.95625
5.99492
8.69496
9.06637
10.1161
8.21104
14.2016
16.5235
18.0236
11.9933
22.9676
22.8881
14.5143
18.9473
15.4468
12.5074
16.2623
16.4865
16.6334
20.6866
14.0934
12.0576
13.7482
10.6667
10.5826
8.2579
8.59511
8.27344
9.57663
12.5719
10.3408
15.3642
11.0241
12.0131
13.0333
11.5598
12.3158
8.82323
13.1435
11.9382
14.6129
12.4995
12.5832
14.5501
10.914
9.76746
10.4498
6.61392
5.70206
6.17479
10.0027
11.7502
6.99972
10.0398
15.7633
16.8964
18.4701
72.8925
63.0769
89.3486
362.91
273.835
106.159
63.2635
129.506
98.4176
70.666
185.472
18.5237
5.32683
7.28854
8.34644
9.71148
10.0981
10.745
8.33762
9.86057
14.2426
20.1986
9.15799
16.8103
27.9077
28.487
36.9419
14.2326
18.3796
29.3659
37.696
29.7971
26.0035
22.7299
20.5517
8.82685
10.7863
11.0439
10.6468
6.44157
5.35165
7.6732
10.3284
13.0676
18.5443
18.4663
23.9432
21.4537
33.9605
18.0802
16.6651
13.3965
12.3846
15.0832
14.3071
14.6296
11.8232
12.4295
17.9303
20.6209
11.4994
13.1638
7.07535
5.21174
8.7559
9.36419
8.96721
11.4831
12.005
15.9077
12.0448
8.50924
20.6751
21.7843
15.1647
10.7629
16.1298
14.0346
22.5148
15.9677
23.585
13.8985
18.2087
14.4705
11.2839
9.38638
10.3517
5.67378
8.9821
6.545
7.02452
10.6327
11.0126
11.435
17.5583
16.9545
19.0384
21.0742
22.5482
14.6039
11.2575
20.0352
17.1047
23.4195
35.3902
15.9099
17.857
16.8028
17.391
9.25235
7.22189
8.13919
8.79015
7.90319
9.46793
6.69598
10.5727
14.3606
12.731
12.4664
15.8033
20.4807
22.9916
16.1173
18.0634
22.5715
23.1158
19.4636
22.7595
17.5413
27.2502
11.8911
13.1492
13.2904
10.3813
16.7322
10.0543
9.76502
8.79625
11.8492
9.65942
10.3524
10.6988
11.6553
13.9249
16.8109
16.0326
15.0156
14.1411
13.0171
18.862
10.944
18.63
28.1876
19.3842
14.593
10.6757
11.7271
9.74747
9.82512
8.30641
9.18154
9.21359
12.0993
17.9057
17.0204
10.3068
20.586
12.336
19.722
19.4285
7.14486
20.2254
19.3274
19.8338
13.609
11.6202
10.8622
4.99892
8.91022
7.83265
10.6827
8.46912
8.76106
7.91959
8.06602
8.28902
10.0088
20.077
29.4466
13.5651
26.2762
18.1514
25.7115
19.0013
23.125
26.8835
14.8959
15.1377
25.8809
18.3452
11.5096
11.3001
9.75243
7.84345
7.82811
8.39862
10.0845
10.1329
10.7868
12.6503
13.3871
13.6781
21.972
17.1444
19.0797
41.1436
19.4851
20.6538
10.1195
15.1514
15.0286
13.2453
11.2375
13.8936
22.2094
17.7542
16.4994
11.2746
12.772
9.83463
5.70132
6.55481
8.87697
10.132
10.4501
7.63649
16.2954
13.6983
12.2847
19.4259
19.0324
18.9616
14.1647
13.7446
13.3925
15.481
15.4479
15.4613
20.2715
18.9085
18.8653
15.9733
10.0003
9.42968
8.24069
9.0413
9.20232
10.2023
11.2658
12.3672
14.3603
17.7119
17.856
20.0545
15.0781
22.3051
16.8125
15.3656
15.253
16.446
11.3266
20.4992
22.8036
15.237
11.4518
12.8377
6.77889
7.4408
7.67198
13.25
5.06377
13.2419
7.33852
10.8084
11.8285
16.7195
12.291
14.5772
21.159
20.8897
13.3955
16.4631
15.9767
15.7513
14.5893
17.1384
18.0691
20.2073
16.9282
13.3632
9.31152
9.97489
7.50385
6.32512
8.81716
9.28235
9.69272
10.2297
13.4904
14.4
14.7928
13.0831
12.7573
18.7103
14.8745
7.38721
15.2847
10.0631
19.433
21.851
29.2938
25.8999
14.9924
9.73806
7.01779
9.84154
8.30172
6.04023
8.95331
8.88663
8.80759
7.83682
9.8222
15.7833
22.4755
28.0812
36.2021
37.7463
26.8137
27.7943
56.7849
41.4673
26.4267
24.7993
16.2575
14.6304
11.5906
10.7557
7.53731
8.06559
8.77642
8.74566
10.3442
12.0188
14.922
13.8614
20.3452
14.0781
13.7604
23.399
19.158
14.7205
13.5539
14.6026
21.2361
27.4127
21.3563
15.2555
14.2598
12.1681
15.077
7.96562
10.1405
6.42139
9.70331
6.68943
10.0788
11.147
10.7171
12.3156
19.4844
14.8062
21.1936
22.8945
27.3528
28.041
44.0517
31.9871
56.9594
58.9953
49.3933
27.3153
28.3838
26.4379
23.1631
13.5059
12.4337
10.2256
11.138
5.40839
5.09456
10.7175
10.6996
10.8141
12.3666
12.8221
12.027
16.0999
23.6783
16.2597
22.6571
17.3385
20.0393
27.9224
51.921
70.8394
56.8899
41.836
17.8165
19.6869
10.0923
7.64983
10.6848
8.86172
9.57861
10.4822
8.34606
11.339
11.9094
9.98461
11.3216
30.6953
23.3635
8.53963
21.2213
50.6954
24.7909
35.3489
24.6082
17.9987
24.5384
38.4283
13.1938
13.6225
6.91974
7.47831
7.55288
9.20807
9.36381
9.08665
10.2239
10.8664
16.7601
14.3068
20.0456
37.0764
36.9893
34.959
25.5444
33.4354
34.5819
25.2842
61.7773
35.9333
31.8479
49.7211
19.777
15.1161
9.99487
10.8283
8.08367
7.08945
8.66588
6.37029
9.96553
13.2983
14.0932
15.7283
7.34826
26.7198
35.8254
15.345
51.4246
22.6844
17.6741
20.4596
22.2753
21.6024
30.4815
9.20713
12.1078
13.5944
6.74487
10.2359
5.88844
7.04413
6.11299
8.68057
8.93686
9.44083
10.6062
11.6566
13.1235
36.5181
42.4231
90.0226
60.6088
11.5783
69.5697
161.379
80.7944
70.845
130.815
94.9902
11.7767
7.48965
10.3731
10.8082
9.23749
7.46306
8.00649
11.388
9.62486
15.3121
21.3308
14.9246
14.4429
22.8333
10.2648
15.0372
15.0233
19.8461
17.3909
22.3582
14.142
13.3744
16.7229
17.065
14.1447
11.7043
10.9394
8.16284
9.65829
7.47659
7.88458
11.2588
9.36562
13.1849
20.5927
19.2612
14.017
11.4648
22.3059
18.6934
22.6901
11.6141
11.7387
16.2888
11.7656
16.8564
17.5126
18.4498
16.7955
12.9923
10.2257
9.31437
5.83793
12.9349
6.94067
7.62234
5.66065
8.34526
10.2899
12.3119
11.9533
17.9217
38.8163
28.4864
25.5816
13.0329
13.0056
18.0574
18.671
20.6683
12.7683
18.8496
12.4952
11.4158
9.42709
9.78143
8.29176
9.07745
9.76031
7.03089
7.59685
10.188
8.40206
15.3763
13.3226
20.0028
21.6828
18.1062
16.0322
16.254
16.4603
16.5168
18.4856
19.6082
17.9318
19.1247
15.6209
12.9079
9.5704
10.5147
8.35387
6.25101
6.58329
9.132
10.7448
12.0465
8.86212
16.6158
12.6582
19.5487
31.2133
21.2142
10.694
15.8609
17.8425
12.3686
13.3892
22.8275
16.664
25.3439
22.5744
10.7548
9.39493
8.65043
8.03423
7.09986
6.56202
6.55395
10.056
9.77921
15.9311
24.9148
18.2142
16.7009
18.4518
24.4664
19.3321
19.9438
17.5009
10.396
20.0431
19.6632
15.5198
23.7323
16.1245
8.89075
6.63316
10.1215
9.94195
8.45199
8.80349
7.75999
12.0924
9.31228
9.83953
10.117
10.9367
10.7854
17.7628
10.2906
10.7147
16.1641
21.0715
14.5931
14.8664
14.3801
10.8289
14.1786
17.5447
10.8754
9.45762
8.78404
10.0093
6.27936
11.3851
17.9747
21.5553
5.89578
14.9495
27.6586
31.2981
29.9353
20.7628
14.1628
10.0234
17.1582
14.169
22.6046
16.2987
21.7588
18.3068
12.8178
10.2435
12.3126
8.45717
8.42288
9.00167
9.51265
10.668
8.56072
6.278
13.8303
14.2798
15.2253
13.5189
15.0702
18.3366
35.812
14.8429
20.4143
16.8736
15.869
11.9689
15.0317
20.6702
29.7769
27.7762
35.564
6.60724
10.4718
8.58447
9.9415
10.4353
9.84319
10.4269
12.7228
12.7919
13.9317
22.5143
21.0019
14.7158
21.4207
15.2131
23.6939
11.2794
22.4369
25.0331
8.93249
16.3564
17.2583
12.3715
9.76435
10.9406
8.00859
6.07853
9.90149
9.3659
6.81246
15.3721
19.3074
17.7347
18.8006
14.0823
10.7027
17.7452
8.73777
16.6155
20.1089
13.9367
18.4586
24.686
17.4968
25.994
19.5339
15.2528
9.45545
9.94994
7.8255
5.83107
17.773
9.23372
12.7189
13.6688
10.0918
7.20533
18.605
8.495
19.4119
21.2507
21.4865
9.88149
13.227
13.0552
11.8401
13.0982
13.0723
11.7544
17.9812
13.0672
8.61557
9.34447
7.38152
15.462
9.56262
13.3566
9.18144
8.25611
8.57945
13.448
18.748
15.0242
15.7209
21.8315
10.4548
13.9896
13.2872
12.8523
13.0537
9.0429
8.71824
18.1278
10.6717
7.22389
6.64191
6.44469
7.66386
8.97642
6.70702
7.12611
10.7782
14.9253
31.4584
26.385
33.3785
36.2756
37.5448
52.0821
35.3477
44.3871
25.693
25.6499
35.1645
25.4714
21.0517
14.351
12.8278
8.13859
10.3805
9.54023
7.94099
7.88517
9.92614
10.5907
11.9064
17.51
15.8336
25.3966
25.0202
22.186
39.9994
27.0726
17.2643
24.1841
17.4212
30.3299
27.4432
18.3593
11.7131
6.70686
13.786
9.29185
11.1028
7.05799
7.09335
6.29345
9.43027
7.5534
12.6895
18.2191
16.638
12.1922
23.6428
20.5396
26.0595
26.213
13.7247
28.1814
21.0761
20.3781
19.9316
10.9826
14.1791
24.2497
31.4295
17.0079
10.1861
11.839
9.5195
6.44468
11.4844
10.2457
13.6732
11.9414
11.714
28.699
18.6572
27.3852
29.8071
18.0048
14.9922
14.2605
15.3075
12.7837
15.776
14.9684
19.7375
33.2438
19.1903
18.5304
11.2987
12.276
9.51981
8.16683
9.26895
8.9053
12.3912
10.7104
11.3985
11.4163
17.192
17.1798
19.4722
29.0707
20.3056
14.4846
18.1747
13.1766
28.0336
22.3507
19.5227
16.6015
15.0265
5.21147
7.45091
10.513
9.72735
8.11339
5.85106
6.20722
9.02388
9.89108
10.1746
11.0454
11.1729
8.04559
13.0258
14.0426
11.7332
10.6967
12.9945
12.3573
11.3627
13.5075
11.1845
17.2863
16.1761
12.7534
7.19055
6.18584
9.51972
6.09495
8.58598
8.79956
9.53975
14.2653
14.1652
15.5823
10.9658
11.5968
18.3471
16.7093
12.2026
22.2078
13.3498
10.9132
17.5429
7.86752
16.6001
15.9093
20.9065
14.4194
15.4218
13.4451
12.3701
8.45803
8.5624
4.52665
8.741
8.70367
9.58988
10.4056
9.47308
9.15386
7.50126
10.1929
11.4113
10.1625
7.0951
9.202
7.31918
8.90747
9.73716
9.41041
6.73508
-1
-1
6.98665
5.66361
10.9524
-1
6.58755
22.2021
2.74622
5.83196
8.29641
10.0313
8.27374
12.6047
13.8926
6.81268
9.6591
9.85859
10.3738
13.9348
11.0776
8.23788
10.6842
6.8947
13.8557
8.22847
7.59268
7.72843
9.16408
9.78134
7.55016
11.7449
12.9591
14.9392
21.4508
14.9161
18.6517
27.8162
12.9742
14.0766
20.4842
14.3781
13.4028
18.2382
13.9426
14.2931
16.3846
15.1966
13.2619
11.1308
12.0509
7.51822
7.85942
4.17992
6.71525
7.5844
9.35814
11.4211
15.6208
16.5973
17.5754
19.7765
20.3798
21.3286
19.6219
21.4321
23.3039
16.9289
19.0674
19.5493
25.3132
33.7996
16.9997
7.96422
8.51934
7.39983
10.7464
5.88361
3.69506
9.40157
9.51471
15.2185
22.59
12.3793
13.216
24.3011
18.65
12.1402
19.6975
20.9025
20.8976
28.9415
22.0119
28.7693
20.7965
14.8703
15.1232
11.4069
12.8131
9.76684
7.31654
7.64469
9.3154
9.19604
9.70291
10.8626
11.3909
13.4183
14.9075
18.7541
27.7906
20.9837
39.631
14.7891
13.0152
11.1635
10.7462
22.8731
11.847
12.0079
16.0216
9.56408
9.37226
10.4254
10.4299
11.8636
5.21013
9.54672
9.88995
11.0287
10.4215
15.5824
11.2223
18.3526
27.1483
26.0572
19.0537
12.9619
17.5229
13.4433
14.6255
14.4887
16.189
14.7067
12.8303
10.1866
9.00901
10.1237
4.38065
4.09899
3.77338
7.96702
10.5435
11.7621
14.8097
12.148
18.0949
9.83495
20.3753
18.0513
13.5775
15.3952
39.4988
18.3076
24.0957
15.741
14.1418
17.9067
17.0736
7.40955
7.54773
5.424
8.89964
8.81701
9.78501
10.4699
12.6055
13.3528
19.8584
21.5263
26.7338
37.8607
38.2731
11.3656
25.5743
27.6504
31.5747
15.5808
20.6065
19.0505
17.5452
15.8012
11.4222
10.6343
7.09198
10.193
9.10455
9.17355
10.1138
10.1295
21.5335
16.718
34.115
15.0361
43.0101
52.2501
5.10664
21.791
17.7524
18.1613
29.2922
11.56
20.5134
25.9071
16.2265
17.2543
18.086
15.5609
11.4083
10.1563
7.62019
6.15579
9.67871
9.90467
10.142
15.3262
17.3378
16.2396
17.8566
17.9285
15.1436
10.684
18.9619
20.3073
15.7032
22.9216
23.158
14.9277
20.4759
22.6412
13.1182
11.8362
8.91492
9.77544
3.89182
8.61337
9.11983
9.3758
10.6269
8.68615
15.1362
17.4646
16.3736
20.1778
20.6931
10.8604
18.4285
12.4648
13.8757
13.1735
22.4214
25.2197
25.2209
23.6905
14.6151
11.3457
9.01182
7.10714
7.97258
13.3162
6.49455
14.9911
16.5063
12.6565
14.8614
16.814
11.9137
19.6492
24.8768
19.2778
13.7305
14.9305
19.6235
19.6097
10.6816
21.7397
16.7914
14.3649
15.8046
11.8109
6.59657
9.67717
6.67276
6.79783
5.55322
10.917
8.68211
14.051
15.0137
15.5103
8.25341
6.56894
26.2476
13.7994
12.9208
13.9674
19.3418
11.9524
19.605
14.6045
21.3757
19.9268
16.8649
10.8752
12.2852
9.81858
7.08805
8.16591
8.25841
10.3964
11.2377
6.58394
14.2135
16.9182
12.0726
24.9434
26.8644
25.2967
26.0696
29.6733
15.4254
27.8037
23.6645
24.4691
19.6457
15.1285
13.9746
6.38357
6.09449
9.51613
6.92514
11.0904
12.0809
13.0487
13.0868
14.0778
16.9575
18.5842
20.2241
26.7676
19.7752
24.775
13.4498
24.1268
17.2022
26.0008
28.3407
19.2509
12.9095
15.6648
9.75046
8.38985
10.9558
5.49041
8.76704
8.59934
11.0693
8.28297
17.2843
15.0717
24.6073
11.2892
15.3766
30.4436
45.1279
45.0065
12.8278
22.7516
29.8572
13.0657
6.43049
16.0852
22.1796
16.4162
18.0876
14.4492
9.11296
10.2384
8.26944
6.72783
10.1175
9.92434
10.5434
10.2704
18.3117
12.8579
18.0091
13.5338
11.611
16.4509
10.7713
8.76161
14.1349
8.77299
16.8283
15.7223
15.2047
19.6117
13.7981
11.7638
11.9778
7.07494
11.2088
9.02679
9.12242
10.6989
15.4249
14.8477
22.7344
17.1385
19.9822
26.5745
14.461
19.5595
17.4982
19.0308
17.4811
29.2251
19.6313
26.0145
6.1218
16.5289
21.3794
14.7634
13.3706
10.1754
17.7525
8.2802
6.36487
6.17342
9.41674
14.7663
10.935
14.5953
9.02209
21.0045
19.8562
19.0655
17.3648
22.4774
26.7544
25.3415
15.713
15.5617
15.8961
16.8717
22.1852
10.0823
12.7708
5.90139
7.93116
8.5024
7.45852
9.20352
7.843
12.5172
15.405
11.8206
11.0466
23.1844
16.6386
15.5682
10.8163
17.9217
12.9291
25.6576
15.3873
21.3073
16.2022
20.7672
14.0517
11.5753
8.82838
8.92564
6.89202
7.9166
8.79035
8.34012
11.0955
9.53933
14.8155
15.9773
7.53023
16.8017
17.0504
12.8365
23.7198
18.0528
22.7774
16.5241
31.5543
21.1046
14.5025
16.7289
8.05525
7.63626
7.73864
8.7909
7.11121
6.98491
10.2175
11.7037
17.2245
25.229
25.3668
21.0954
19.3295
41.3381
37.5663
25.1347
35.05
21.8676
34.2208
26.6742
13.6622
18.5227
16.9315
7.70632
13.701
16.1106
10.8531
5.01474
9.15923
7.59974
5.17517
11.5858
14.7054
18.6279
26.9104
24.9491
18.7879
22.9233
14.9416
10.1808
16.1919
24.3498
16.288
14.094
15.799
30.6235
18.5057
23.0991
21.0369
15.9086
9.39617
9.83977
7.91736
9.37547
9.62
10.0623
8.0673
11.8929
15.6109
12.6518
13.0174
15.3854
19.7101
13.2928
16.5157
15.4298
22.9645
16.7031
19.0689
17.8378
23.816
17.5992
14.4057
11.9362
12.7859
5.10945
7.61677
6.16666
9.19905
6.91353
11.1692
22.7782
12.6989
18.371
13.737
47.1482
24.3101
23.86
16.4844
3.90457
14.0102
33.1461
22.6861
21.979
15.2762
19.0077
12.7005
11.4659
9.16338
8.18798
7.78447
8.68836
6.51741
6.7442
6.97666
11.0994
14.765
15.3449
12.103
20.361
19.0463
13.3917
5.64935
11.7131
11.8804
15.8077
20.1297
18.6391
23.2789
18.6264
16.4794
13.7507
8.77608
6.98458
10.8752
12.0002
5.84848
11.0473
9.05378
18.1579
14.054
16.0164
7.80669
23.5116
15.225
19.8498
10.0106
13.8133
13.6428
17.1304
12.0918
16.883
21.3997
27.7762
10.7823
11.2913
9.39024
9.87604
7.2383
11.2556
9.27918
9.52879
9.53528
6.88405
10.1973
13.4877
11.833
16.8675
17.8837
17.8321
12.5124
24.7919
8.01272
16.3972
16.3659
15.2641
14.3133
12.4195
13.4263
7.14376
10.0447
8.34463
12.4147
7.40374
11.5917
17.0778
13.6413
18.1216
33.1898
21.1981
25.8138
17.0213
12.4067
14.0916
14.6759
14.8681
29.0312
9.63992
17.9603
27.4996
25.7059
16.321
20.0475
11.0717
11.1936
10.8955
9.31042
7.23414
10.8359
13.8209
12.1127
16.2374
20.9301
19.277
21.7973
36.9125
26.8426
21.7586
21.3622
16.1984
12.917
30.1454
31.4186
13.4151
22.9646
23.0901
14.9169
12.033
9.92277
11.6387
12.9788
7.04493
9.99933
7.30315
11.4087
8.93155
13.0308
13.4999
16.1319
23.4035
20.3815
24.4614
31.2723
22.2544
25.336
22.9547
21.8952
22.6417
12.6617
23.598
15.9993
11.5939
8.88578
10.191
8.12784
7.47112
6.8681
5.01097
5.36699
6.35121
16.5366
18.4846
7.58969
30.8447
23.4871
31.6451
23.323
15.0723
16.2655
29.2548
25.5518
23.6872
13.237
17.5733
11.2922
11.9087
7.89081
7.53401
5.13138
4.47014
9.1399
11.6526
9.66379
10.0526
16.2634
18.3575
17.8718
24.8512
18.4726
21.0952
23.2199
18.1065
24.4659
12.4732
23.2664
20.2232
25.977
13.0556
15.871
13.0597
9.28441
7.57287
10.6171
5.91919
10.8889
8.76939
11.4037
10.0458
10.3
15.8435
17.4772
22.3217
16.778
17.7138
20.6252
16.1446
8.47903
13.7507
15.3161
12.6013
10.7358
13.2746
16.1027
11.2376
8.49606
7.07998
10.2939
11.5537
8.77908
9.00047
5.89213
9.40274
15.4095
11.9153
10.9864
8.95038
17.0384
17.3791
23.3495
16.0499
5.16981
15.6715
14.0134
14.6116
13.43
12.4611
8.27617
10.2641
10.2871
6.60642
9.43439
7.04579
8.66117
7.83778
12.7079
20.2242
28.2161
17.2157
18.8331
26.4948
25.4027
23.8128
19.5608
18.0093
27.3484
46.6362
14.0918
17.5299
17.2512
13.4636
9.70543
7.16329
10.2154
10.2902
6.60384
10.2954
7.85107
10.6719
12.9349
18.0446
25.5405
17.6528
15.4929
40.5098
21.2561
17.0529
26.0516
24.6986
15.0014
9.88133
17.1272
16.231
17.4745
17.8105
15.3204
8.45743
12.9949
9.53039
5.33853
6.41683
10.1141
10.7416
12.0086
16.4567
16.8149
18.3355
19.2525
30.372
19.0582
16.6609
21.3845
24.6711
14.6783
17.347
18.9517
16.82
32.9455
19.4557
16.3033
12.2918
6.12775
9.57047
7.54162
8.7085
6.51812
10.078
10.9634
13.1526
17.6014
26.8399
19.6222
26.4405
11.3598
19.1614
23.0794
15.6255
19.828
24.415
17.517
24.9257
18.3557
18.1723
16.8066
12.1249
8.82756
8.19779
6.46491
6.24984
8.99443
9.39529
10.0348
7.66441
13.5102
17.7103
14.9103
20.5264
18.2878
21.0979
22.1742
20.8416
22.5837
21.0851
22.451
24.7766
15.6342
17.6584
16.0357
12.0898
8.9515
10.0303
7.12055
8.64678
9.38439
9.05447
9.61213
10.2148
16.2042
11.321
22.3753
25.1928
18.7934
18.2941
13.6934
26.361
26.5265
16.9205
19.3161
13.8113
16.4151
15.643
14.9814
7.61552
9.60431
6.592
7.501
8.1904
12.2767
9.02963
12.3878
10.0604
10.605
11.4773
11.5965
11.6328
12.237
18.383
16.6495
16.4002
22.6169
10.9168
11.7891
10.1877
9.55838
9.91176
11.4995
7.32416
9.58247
5.06936
9.19538
10.3869
7.17447
11.3006
19.4056
19.7161
18.0511
19.636
18.696
26.2614
36.2937
18.4339
25.808
13.0572
18.9218
30.9866
26.8352
14.821
17.6644
21.5374
9.92438
8.84098
10.6738
7.52222
9.27217
7.29722
7.15206
8.28372
13.2646
18.5368
27.8251
25.9889
14.6132
15.6892
30.4505
18.9608
17.384
12.4378
17.5863
15.0274
15.9553
15.4778
19.3643
14.1477
20.8602
10.7614
11.5338
9.82542
8.13213
6.28184
9.51196
10.8455
11.6611
15.9402
21.5997
24.8485
17.7926
20.2678
31.4061
13.3353
20.4293
13.5397
16.3959
23.1284
21.998
20.9424
19.7608
13.029
13.3828
11.9444
9.16278
9.98577
6.40793
8.81315
7.12942
7.16344
11.3497
15.4694
22.7166
24.8137
20.6252
33.1738
15.5582
11.2165
15.7106
19.8558
24
19.0058
25.2521
28.5786
32.9048
17.5732
14.9351
12.215
9.2523
7.07688
6.30178
8.42103
9.01474
9.30521
12.8546
16.131
11.199
22.8031
16.1078
26.8514
30.2402
33.1241
22.4964
23.6325
17.9128
14.6237
19.9608
23.6607
9.33167
15.9252
16.0403
11.7286
9.01793
10.076
10.5381
8.59802
6.49596
12.6079
9.69005
15.0219
14.2388
16.9786
16.2595
17.8927
20.1572
10.37
17.9885
18.8265
19.441
20.4364
12.258
14.228
18.6455
13.7322
16.1653
11.8783
8.53112
8.95654
7.11419
5.50117
3.95824
10.889
12.9778
9.81972
6.46127
15.5929
15.5412
13.6879
16.9364
22.9583
9.68293
15.7085
23.112
23.1717
17.9151
20.7721
16.1565
18.8009
11.1904
10.1034
10.0816
11.1387
8.80685
10.071
11.4086
8.31427
8.86138
20.8084
29.131
26.4963
22.9826
41.556
26.8694
25.2066
27.3338
18.6672
15.6619
27.959
15.8832
19.625
12.501
23.5099
9.76322
9.59004
10.0778
10.0387
9.33573
10.4116
11.0178
9.5731
11.838
34.8068
26.592
19.2647
18.6407
33.1372
30.6636
14.9018
26.284
21.5826
14.3005
13.9168
11.6163
13.2355
18.4442
16.9472
15.9496
11.5215
9.69147
6.86684
11.339
6.17627
6.46667
9.48345
10.9975
16.8112
19.5283
23.378
16.3373
18.6683
28.6957
12.5435
21.7866
16.1844
15.9351
13.9983
19.1324
31.0804
22.7047
20.5181
22.435
17.3828
8.84026
9.66323
3.64995
9.38941
9.17673
9.54792
14.8942
15.8332
12.929
15.4444
11.0959
21.2909
13.8554
19.8749
14.9956
10.9355
15.4377
25.386
19.6247
30.0141
22.154
18.2642
13.5201
14.2826
12.5375
10.0482
7.61073
6.56037
9.24762
9.14253
9.99554
14.6522
15.5745
15.9043
26.7939
17.4849
23.1688
13.7517
12.5892
8.81456
10.8077
18.6819
17.8691
14.2391
12.8646
18.1399
14.2723
8.61753
8.91088
6.92368
9.99432
8.1441
8.92347
8.71722
9.90832
17.2733
24.92
21.4241
17.1465
24.4485
19.7637
14.9286
9.93472
13.2754
12.5303
13.8752
12.8198
9.00101
12.022
11.3416
10.0019
7.10015
7.14661
7.60161
8.55468
9.04635
6.6921
10.0236
9.41504
13.8701
15.7497
29.3747
19.3597
20.705
22.3698
32.5527
17.2593
21.5302
36.4852
17.4942
19.1912
14.0908
14.9427
17.2131
12.4022
6.20649
9.63981
10.6833
5.82501
6.60974
6.69092
9.80795
14.501
17.9896
24.1843
26.4989
32.8711
36.9777
20.525
24.9026
20.6416
15.7613
25.8447
26.8518
13.0462
22.028
22.5103
23.977
9.09058
7.89429
9.62579
4.86851
5.86558
6.88476
7.25451
9.72982
21.8971
9.17637
23.0807
22.1782
17.4076
33.6548
37.2109
14.5142
19.7187
15.4429
15.2772
10.2981
15.5009
10.4387
17.5311
21.1325
15.3038
10.923
8.85842
6.97005
3.84441
8.82531
7.12197
10.4144
14.9746
8.89466
24.7803
19.1324
18.8707
28.2852
32.9532
23.0878
16.6127
21.8369
19.1026
22.6393
13.4457
15.9577
14.1341
17.2373
13.5901
11.9507
6.85666
10.4534
8.01249
6.53117
9.09844
9.75664
14.5604
9.69653
17.9074
17.4918
12.9526
22.6596
23.6009
18.6257
21.1376
21.5058
17.3244
34.5023
18.7822
24.8556
15.5614
16.8456
15.4407
8.23596
9.09612
9.51807
6.66571
6.25166
9.41325
7.8777
10.0446
11.3246
12.2333
22.585
16.4019
20.0413
33.2377
32.6868
13.1216
15.7536
26.1526
23.0343
20.8451
35.9462
53.8345
27.172
16.1081
9.91133
9.24478
9.46376
10.4219
8.00607
9.02389
9.55354
13.8264
16.6326
14.3536
21.2422
11.0788
20.2739
21.1571
19.5443
14.9772
10.5383
19.5695
21.7041
16.7925
20.3592
18.4895
15.1303
13.7609
8.09434
12.0786
6.69159
10.2554
5.9559
9.17338
9.3704
9.92642
10.0443
9.46693
7.01238
11.1151
17.52
15.7901
37.6397
25.589
13.3561
20.3584
19.4921
18.0995
13.9714
11.0437
13.1798
16.6812
11.2173
10.9051
10.5946
6.58963
8.32335
14.7461
12.6326
14.091
16.3154
23.1401
19.9885
19.1298
45.7518
16.2654
19.7124
26.0223
17.9638
15.2696
16.9414
29.9583
12.3008
24.4293
16.7644
14.2062
9.22516
10.4555
6.97128
8.25603
9.34902
7.43941
11.2514
12.3848
20.1961
35.5168
18.2646
18.1547
22.036
25.8655
17.0515
14.8574
20.6257
15.9838
15.485
11.4581
19.2051
20.6827
16.8158
13.8221
12.3078
9.60599
7.40042
8.59421
6.79208
9.44711
9.69194
13.6041
8.07689
18.2052
25.0079
26.9892
41.225
35.6685
26.2318
30.4471
23.3776
28.4341
27.3974
24.9028
24.2599
19.4257
25.9809
16.039
8.37667
12.221
5.09243
12.9387
13.0546
9.85326
9.88266
10.5949
11.3609
17.5507
16.1884
19.4683
30.3388
32.2621
23.4699
13.9286
16.7855
16.9887
24.4867
17.138
17.9352
27.2284
15.7613
10.8724
12.242
9.09371
9.89668
6.64978
6.33673
6.29763
9.82475
10.7269
8.30769
12.0943
15.36
11.9153
14.4547
12.7491
30.4088
19.264
20.6186
15.7992
16.0065
22.3896
21.7934
13.0786
23.3869
16.5469
11.6419
6.32983
7.23424
10.4864
8.83318
6.65453
9.06085
9.95879
10.0602
13.6303
12.3506
11.7763
18.6737
20.8291
19.3374
15.0773
15.4769
11.1034
19.2097
16.7004
18.2203
10.9879
19.4547
14.3662
11.654
9.11546
9.35974
10.5579
8.65975
8.33228
6.04494
7.72637
9.83572
11.673
11.254
14.1544
11.5867
16.7156
16.715
13.1558
17.4717
20.8043
17.6584
12.1263
12.2651
8.54243
14.0519
9.1781
5.49996
6.73882
7.35176
6.37079
7.1015
7.91988
11.1209
12.2996
13.8833
26.1991
18.871
13.1586
40.8501
29.4075
18.8892
13.4563
20.0876
27.3253
29.1867
8.09811
19.2371
16.4707
16.3244
11.6318
7.00128
7.31881
7.35574
9.0364
10.2267
11.0476
7.5469
12.433
12.772
19.8568
16.8844
13.7502
24.54
26.457
20.3095
20.4721
14.9182
17.6286
15.2062
10.1953
18.2771
24.5236
11.5186
15.7699
8.55511
9.72978
5.8398
8.65759
7.20603
9.91189
7.68445
10.2811
11.1415
18.6656
17.0079
12.221
16.2394
32.8221
22.4437
15.6624
14.4747
17.4521
17.5887
17.3522
21.5234
15.9404
17.7982
16.1698
8.57515
9.63301
9.94865
7.87954
8.33191
6.79829
13.416
7.56264
15.7086
16.0761
13.1198
17.5616
20.0104
19.0359
18.3259
21.406
13.0498
15.2528
25.9811
19.8648
20.596
32.314
23.5637
15.0573
12.1542
8.57613
4.99792
8.36631
9.70677
6.85751
6.4983
14.1841
14.9993
22.1539
13.6477
17.3809
22.0924
33.521
15.7893
12.2239
15.241
15.4745
14.2973
13.8922
19.0593
13.6653
13.4733
14.1998
12.5959
9.00013
9.87349
5.48591
8.85655
7.90454
13.1423
10.1438
11.2364
11.3154
14.7474
10.6306
17.8565
31.0496
13.6372
14.91
14.1906
14.2414
18.0499
13.8127
15.0624
19.5201
21.8899
14.5854
10.9064
6.04581
6.76884
6.23609
7.11795
5.25955
9.26148
12.9651
13.8685
15.282
10.4639
11.0357
12.5381
11.8471
18.078
14.3543
11.5975
36.1157
18.1016
17.8501
12.05
10.9469
12.9851
7.89714
10.4687
9.90096
10.724
9.42958
7.48162
7.85074
12.4629
13.1771
14.8476
30.2723
17.6895
20.3134
39.8806
20.9085
19.9609
19.6815
20.8678
23.0574
29.4396
21.1144
18.7991
14.7378
11.1674
10.2562
9.16372
7.39125
7.30873
9.55751
7.89246
11.4742
8.75798
12.6657
19.0263
33.1655
13.406
18.6704
30.56
22.17
24.0785
17.1482
16.3646
33.2577
21.7099
15.4781
8.12656
21.601
17.8032
13.2744
9.07538
9.25944
6.84248
7.5941
9.05151
6.27251
9.22933
7.03625
11.5375
16.7794
15.6418
11.9858
32.1857
35.6469
17.8649
20.7995
12.629
23.6355
13.2557
25.7619
20.5513
19.1306
18.3185
11.9104
11.5214
9.21215
7.12678
7.84861
8.84158
13.4052
7.12446
10.2207
11.8468
22.6922
11.2433
11.5899
14.1188
19.6064
7.46628
20.4687
21.747
22.1778
27.0993
25.9755
19.3741
23.3277
33.3818
16.156
8.902
11.1424
9.76843
7.8465
6.19385
9.79929
6.70876
10.3265
11.5789
15.3716
17.7677
12.8491
14.6129
21.991
12.3972
20.1853
19.6351
18.7091
24.3088
23.5163
21.0699
23.3575
17.1205
16.9447
12.2777
9.17864
7.71345
11.0881
8.28592
9.71704
9.445
15.6062
16.7568
14.6586
15.9825
15.105
13.0557
14.9901
12.9799
15.5446
15.9918
15.0906
14.6921
13.8709
15.4693
18.7918
15.8709
15.4485
8.35922
9.40965
6.70452
7.17031
8.63873
8.25768
8.71804
11.2668
9.29089
10.4879
10.3268
11.1803
12.6557
13.2926
9.42097
13.4864
21.686
9.71946
19.7709
20.0721
8.97885
11.3543
12.9364
7.91418
10.5882
10.0131
7.76644
9.41743
7.18061
8.82152
11.3894
9.08651
11.6564
25.2951
24.9398
20.7047
34.1642
30.2229
13.619
26.9622
19.7937
17.7831
27.7515
24.2415
21.9338
25.5342
11.8433
10.3314
8.85164
10.7036
6.8034
9.35464
10.0832
7.15114
10.823
12.4864
13.448
27.1985
17.4265
17.3145
27.5648
21.3182
19.5678
15.212
31.4317
30.319
12.0336
16.0735
15.268
12.4161
17.031
15.5899
12.6463
8.79173
9.60146
5.7844
8.78734
10.0826
7.32929
8.22298
11.9193
12.4215
13.6084
7.96874
15.9107
18.0875
16.0329
11.1787
15.1841
23.8928
13.1966
13.5656
14.6567
15.4401
12.6053
16.294
12.4571
8.91967
7.19883
4.17314
8.86356
7.17774
6.85741
14.7774
24.1553
23.7463
16.9963
15.4476
22.341
11.5144
17.0507
21.991
13.7635
22.3999
32.5217
18.4918
22.5627
22.4042
17.4534
16.2516
12.7446
9.20392
10.03
4.15637
5.97478
9.70974
9.5928
6.79244
13.9944
15.7406
15.5741
12.2206
14.0325
17.0746
15.8765
10.5379
12.7204
20.3525
13.2183
13.0687
19.4117
21.1016
14.2106
15.3714
11.4285
6.65243
9.16215
9.65661
8.24646
8.9601
9.0598
8.38548
12.7725
11.4832
10.7562
10.4029
15.508
11.5643
10.249
9.63515
10.3033
14.956
12.9844
10.2072
13.0808
12.1874
11.3914
10.5346
11.015
10.7229
6.87334
7.67621
6.49203
6.80136
9.40609
10.3193
14.1463
10.2466
17.0739
14.9642
15.9965
17.1181
11.9829
22.297
16.5731
35.3006
12.8817
15.532
13.5495
10.5299
9.51718
6.23599
7.72928
9.87252
7.37433
6.35198
6.89348
8.8697
11.0729
11.8685
18.8306
18.7674
24.1933
16.2555
40.4202
15.6493
17.2138
17.4668
14.507
18.7321
28.2984
18.4601
12.5523
16.0018
14.6892
9.44634
11.2755
9.36041
4.73868
8.73407
9.52684
6.82039
9.04422
15.8463
15.6409
20.2524
19.7551
15.8152
37.7559
24.3956
20.736
13.4839
18.1661
17.0124
16.2266
23.7394
16.7589
13.1604
18.7468
15.9781
11.8547
11.8408
8.09872
7.77115
8.81838
9.68496
6.71154
11.2916
13.0038
18.7132
16.1382
14.2487
22.9171
18.2878
15.5475
7.71926
13.6046
16.9622
17.6747
22.7027
24.9623
18.6171
16.7598
13.4601
13.216
9.603
9.81344
7.89691
9.30274
9.7196
13.9276
11.1968
15.9429
10.576
16.2839
17.1713
19.2029
19.926
34.0229
15.3667
12.1299
18.0503
35.7338
28.7723
23.7059
17.5663
18.7951
12.443
11.2611
13.5266
9.45436
7.95352
6.48546
6.44122
9.02245
15.8675
10.2649
10.654
12.6064
12.5106
18.5107
21.675
14.6724
13.4905
13.4279
16.7517
15.155
18.4419
17.0343
19.1148
18.2076
16.3859
17.8746
9.25262
7.25081
10.1902
13.3176
8.91514
7.62147
8.88616
15.2884
18.9985
20.941
11.9618
17.1105
14.536
14.6019
8.04977
19.2496
21.2933
14.3401
22.6598
15.582
16.7735
13.4441
12.1164
10.4922
9.29804
9.61085
11.8382
8.20592
9.08711
8.53405
8.55361
13.7726
20.384
17.9505
16.8197
17.5824
17.9222
32.3878
22.4269
13.0234
26.0697
17.6725
18.8405
16.6727
10.944
9.35258
8.80211
7.27367
9.70498
7.58489
9.53812
7.33514
7.70107
16.263
12.2021
13.9996
17.9097
20.2148
21.9381
33.3556
30.0438
8.46027
20.4101
16.3439
21.3115
30.5657
18.2626
9.81848
13.4165
12.2275
14.3177
11.6432
7.2718
2.65667
9.49915
9.98012
17.6438
15.9557
16.9032
36.4243
27.1977
14.3035
16.7957
32.3151
21.6747
23.4384
17.7427
24.603
22.5403
17.0135
15.3983
13.4599
17.4724
18.7959
14.3314
10.0397
6.36872
10.0931
5.77833
9.29782
9.20259
10.2965
11.2902
12.2143
23.5254
23.5745
15.202
30.4835
24.5758
24.3971
9.64439
17.5056
22.9259
23.6692
18.0954
17.3037
12.1
17.3332
15.9253
12.3434
8.40999
7.04108
5.1136
6.35096
5.62214
10.1036
7.24372
12.1179
17.926
13.0517
21.971
33.712
25.6202
48.6632
56.1292
21.8093
27.6188
32.185
32.8473
22.0736
36.6021
16.9585
13.6854
12.9019
10.3381
7.91944
5.71049
9.217
9.35311
9.23763
12.9356
14.3097
9.40895
15.768
8.5713
18.8554
21.8398
23.0276
14.1771
6.8798
17.6156
16.2158
25.7138
19.37
22.2137
18.3248
12.8404
7.65023
9.60954
10.8248
7.87975
8.87552
9.70229
9.36974
6.47314
10.4658
11.8783
12.713
14.3591
26.7206
11.8126
21.2721
11.6176
14.9794
24.3488
22.5222
24.0298
22.8899
22.9305
18.5569
11.8646
12.3357
6.50184
9.7288
6.99417
8.03624
8.39572
11.4803
8.77312
6.47938
10.0934
15.0255
11.6735
16.5476
22.0165
19.1605
18.0416
12.7799
20.9435
19.9003
15.8504
17.2767
11.6976
14.0594
9.57673
11.0838
7.85215
8.54735
7.28369
7.95958
7.92867
11.0696
9.60839
17.8994
38.2059
18.2632
20.5004
53.8167
34.8674
61.1009
38.7517
30.761
32.8814
34.067
16.553
14.1414
18.5291
17.0296
10.1369
8.67281
7.60929
7.97229
8.80733
4.9157
5.76404
11.3839
10.5891
24.4683
33.9934
17.4377
8.31785
21.9766
20.7442
16.5255
8.71571
22.0724
21.8681
21.0846
11.3978
18.2805
19.2618
24.975
11.3002
11.7499
8.98957
7.00045
7.78793
6.47618
9.90271
10.2361
10.5116
10.9482
16.1365
12.1561
13.6164
22.7336
33.8847
24.1974
21.3317
12.5982
31.631
16.0032
24.4153
18.4131
15.6137
16.55
15.6943
13.3733
9.15923
9.57934
7.21495
5.80522
9.56357
9.72633
11.1432
11.0418
12.1934
10.1423
11.914
20.3118
15.6774
15.6057
12.8479
17.2769
22.3008
33.8504
16.9145
13.2118
19.4025
17.1157
16.5634
9.27151
9.54754
9.73566
10.9719
8.50693
8.85142
9.14568
9.90837
10.4035
10.5214
16.2467
12.5863
17.7445
29.5267
11.9408
14.6413
15.8908
13.1473
19.332
16.8839
15.5196
23.4832
16.8712
16.0832
8.88827
13.0098
9.12721
7.64506
8.77048
5.98594
9.4037
9.87059
7.25415
10.8142
11.2032
14.7679
22.3879
20.7688
21.9823
13.7381
18.8913
9.68188
13.5172
20.3456
20.5289
15.9639
16.5999
15.1521
12.0895
8.38408
9.50566
7.46233
12.381
8.48555
9.04074
8.81115
9.52227
9.83299
11.4573
12.1385
12.7346
11.8593
17.495
24.6771
15.5624
36.3213
18.2756
16.2815
22.9353
10.7478
9.38582
10.9702
7.58757
9.62999
10.9794
9.22585
9.2765
10.7611
11.9271
14.019
13.5873
18.3264
13.8762
7.86571
50.004
29.098
15.0288
9.93364
21.6759
30.6382
38.6666
20.3293
16.1225
12.5604
9.50681
11.9711
8.42917
10.0555
10.8178
8.86494
6.60226
7.5233
10.7645
12.0343
19.1033
22.6819
14.4549
9.11501
22.7252
19.0988
17.2766
16.8291
11.5777
16.0507
11.862
16.295
16.3372
16.7017
11.6374
15.6726
11.9249
12.5871
10.2211
7.55863
9.4927
10.0193
10.6239
7.49289
8.58153
15.9821
16.5272
9.81957
15.2165
20.8893
15.0196
9.32932
17.7553
19.5982
10.577
36.0216
78.6727
37.4246
49.5398
25.2322
13.1526
9.62139
9.33966
6.8344
9.07042
7.42495
6.91994
10.3838
8.03213
16.1655
10.8011
16.6824
21.0848
21.8351
18.1966
24.36
18.3494
24.9638
31.9419
37.6698
29.1544
32.4866
20.7548
12.963
12.6043
9.06165
10.0824
7.7566
4.91263
9.13629
9.46706
8.50804
8.79741
11.3358
10.9116
12.6486
18.4635
21.15
20.8604
19.51
20.1619
15.5708
11.1656
22.7569
14.7246
22.2239
21.5768
16.2738
11.8683
9.06109
7.41665
9.67656
10.488
8.9489
5.56025
9.81808
10.4685
10.8698
11.0565
14.8052
13.3524
15.5093
20.0223
18.4347
19.139
12.5482
19.5711
13.7234
13.0778
18.3679
15.8426
15.592
12.0362
12.0029
6.78476
6.94641
8.63445
8.99933
12.7186
8.637
12.3479
9.76114
10.6176
7.8913
12.6461
14.2924
18.618
6.16426
12.7129
26.9461
13.1708
16.4219
18.0868
13.6049
8.49083
7.06861
4.168
7.08349
10.9328
9.3276
12.8527
16.6477
13.8938
14.875
32.8072
48.472
12.1424
18.4598
55.5889
16.3631
18.58
14.6057
18.7133
14.9387
22.8972
18.5703
14.9634
38.002
67.8681
30.9665
16.7335
8.3246
10.9155
6.11619
9.34887
13.8875
8.11489
17.5755
19.2819
37.2414
13.9961
14.7255
15.5143
15.3284
15.1319
21.1954
14.7184
10.8479
12.6932
12.2458
21.7669
11.1146
16.5543
10.676
11.4212
8.88902
9.87882
5.83975
6.44736
9.72622
9.92018
9.34867
8.17528
17.3433
12.2585
13.5368
29.4528
23.557
23.9051
14.4253
16.6191
22.7885
12.7155
25.0693
33.379
17.8097
17.1267
12.4092
12.8658
6.36748
9.67211
7.91826
7.50252
6.02113
9.6883
9.99759
11.4298
19.5998
19.0455
16.5177
29.6082
17.1647
36.8661
27.5155
20.6945
29.7972
30.4623
33.9473
24.7912
22.5218
21.2132
15.1022
8.90296
9.2509
10.2369
5.09879
6.40897
8.89446
9.25596
14.2583
10.5062
10.6065
12.2179
15.8012
18.9914
41.4614
25.4593
18.2229
14.6035
16.2849
15.0335
15.9344
17.3996
18.268
15.3479
15.3695
10.5146
8.68108
9.99868
10.9831
8.33037
13.8043
11.8311
9.02521
15.0703
15.846
10.9383
16.3208
15.6424
24.0142
17.7676
11.4836
13.8252
12.6264
11.6235
9.04208
12.2333
18.2778
20.928
13.8451
10.7194
10.6162
6.75689
10.0079
11.7458
5.71991
10.9692
12.9826
9.623
10.6743
11.6612
13.3791
27.4144
22.7159
23.1271
29.9533
16.8769
17.7296
8.43826
11.2659
12.9589
7.08487
9.13027
11.2678
7.40769
8.51308
8.47792
9.46073
7.36178
6.93675
10.1895
16.5441
18.1297
32.8847
24.3732
24.938
39.4301
20.8439
19.0113
13.1844
9.65128
9.3447
41.7334
27.4577
14.0479
13.3744
28.2508
14.8623
10.4131
7.77591
8.0547
8.96905
10.6534
7.77842
7.08456
7.75523
8.816
25.1139
13.9705
13.3449
55.0377
42.1011
14.882
13.8551
20.9992
13.9573
14.6326
15.9707
10.538
20.0857
18.2511
11.1394
12.6227
10.4216
9.88845
8.04625
6.7242
14.7099
7.17383
10.0533
16.4625
13.1947
13.7562
14.4675
29.3253
34.1306
22.7526
21.2492
14.1946
23.5569
17.4103
17.7584
16.6753
25.7295
21.3731
15.4095
11.8371
6.30429
6.94796
9.18505
6.12662
7.68054
8.13329
8.67811
11.8462
17.6515
15.7335
24.8573
28.6544
30.5093
25.6469
19.7405
20.462
23.1625
48.3846
26.1146
21.526
26.0615
16.0053
12.0795
12.136
8.84313
10.3346
5.09016
8.83009
6.1603
6.29688
7.07802
8.40175
7.16907
12.9312
16.6874
17.552
21.9204
11.9823
20.1859
11.7586
13.2179
23.5223
15.8782
14.3238
29.6399
12.9837
19.1961
12.4947
8.91651
8.41516
7.87398
6.13177
9.44211
11.8512
10.1837
9.35381
15.6034
11.1173
16.2696
15.8121
19.056
12.7677
14.6726
14.8996
16.48
15.1006
14.08
13.6932
14.5253
19.1078
14.4749
8.42795
8.77662
7.16239
5.87263
12.2972
8.74853
8.6554
8.58708
9.62011
10.188
10.6669
8.02507
12.8194
14.0546
8.85257
25.7319
19.4996
35.7614
14.8131
17.5605
8.08017
6.79999
11.4879
8.71367
7.93983
10.2535
7.24252
9.346
9.45972
7.79254
11.6603
8.11725
12.4581
19.6407
14.7839
20.7682
61.0475
8.78284
25.4156
38.031
22.1424
23.1332
22.5232
26.7518
15.7249
11.3138
11.4356
10.1145
12.4208
10.6236
7.71094
13.2385
8.54776
7.64932
8.23581
8.76701
13.0111
31.6525
16.9536
12.3263
21.7254
29.9392
25.5406
21.0713
8.79129
14.9087
14.9686
11.1329
17.2473
22.6183
15.14
15.1539
12.043
8.83173
10.4951
10.9886
7.67984
7.34712
10.2354
10.9597
11.8759
23.1628
14.9764
13.6475
15.9725
21.37
6.37701
15.8362
19.7716
14.4007
10.6265
16.2851
16.5965
19.5024
12.9986
11.4946
12.5925
10.9961
10.4143
7.70368
6.86613
9.23439
9.56272
9.98186
10.6719
16.1767
12.7066
16.7654
21.2747
14.6837
15.4249
11.0489
15.3832
13.3687
11.6134
31.6701
18.7476
18.2777
13.8227
11.7758
12.563
10.6278
11.2617
11.0494
9.06371
9.83201
11.0401
10.7318
10.9809
16.0055
12.8537
13.2772
16.1811
25.8412
29.4555
16.5857
15.0613
19.4853
20.7888
13.9916
14.3759
15.5448
21.854
14.7149
10.8807
7.89631
9.50994
7.05522
8.1832
8.68108
9.03255
9.40478
7.19912
11.1922
14.7301
11.4767
14.827
17.0303
13.8643
11.3425
14.1395
13.5288
18.5654
12.7615
14.1541
16.9172
15.1672
13.0832
11.0934
9.2037
6.56517
7.55434
6.04362
9.0399
7.039
8.59139
13.4636
9.5517
7.26194
10.9448
14.5448
15.6984
12.5851
12.3471
8.95912
18.8475
18.6742
9.48524
11.78
11.0249
9.69351
5.98017
10.4618
10.0529
5.36587
9.19168
10.273
11.2764
7.68038
9.45151
13.7502
39.6151
13.1147
15.0709
18.2924
12.1521
19.6274
14.6792
20.5846
25.9903
30.0437
21.4723
10.8899
7.57886
11.1641
10.5056
5.80718
10.4736
7.92607
6.63106
7.11513
7.75363
10.057
11.8896
18.4689
15.3238
15.0953
9.98154
30.4641
20.9703
25.4405
22.1589
19.3516
21.1118
14.2944
23.9717
32.2882
19.4485
14.8641
15.3347
8.62393
8.89931
10.1188
5.70871
9.00902
9.82023
10.0766
11.4038
10.7158
30.3581
12.7027
13.2903
25.0717
16.6128
21.3013
15.5284
15.0211
22.5738
21.2072
22.9819
35.231
28.5991
17.5128
10.8211
12.5877
9.39492
10.4962
10.5487
9.27421
9.99023
10.1697
10.9351
8.39284
17.1984
12.4907
14.1321
23.0306
31.9037
85.3024
23.776
16.0692
34.0133
22.5105
15.5341
20.4408
14.8503
14.6102
15.5262
12.265
9.74977
6.92941
8.03462
8.84186
6.71207
9.9496
9.73779
10.5329
11.3623
11.5863
12.5692
19.2955
23.8543
15.3863
15.2037
16.9837
15.6186
23.6292
12.7687
19.6674
19.6649
17.5161
15.3056
13.2103
9.18114
9.86664
3.7514
8.54696
7.08716
8.37221
6.21728
9.47333
10.7086
10.905
8.69693
12.0541
10.4575
14.0027
12.4818
8.60419
13.0785
16.9506
12.6269
17.6758
11.6428
22.1523
19.3813
12.645
9.28823
9.63114
10.5919
8.80176
9.16415
8.96045
9.36975
9.07873
9.86966
10.4829
11.1939
13.864
18.456
9.4647
12.1911
17.4259
20.3565
16.9225
12.098
12.0803
10.993
9.06934
8.56248
7.50504
5.60606
11.0168
8.60442
10.5601
7.82592
11.3386
11.2117
13.867
19.6402
18.1383
13.8569
29.6519
14.4536
10.721
13.2591
14.4832
14.0449
21.1449
16.3365
18.6599
17.501
19.4842
10.9181
11.5519
8.76635
5.50134
6.35968
6.43294
11.0111
10.5976
11.2017
11.6813
18.3272
12.7609
13.0411
21.4768
29.0406
15.5246
21.4286
23.7097
22.4676
13.509
16.0232
24.2437
16.9989
26.8825
8.19616
9.60112
9.39779
11.2742
11.9256
8.76777
14.4862
6.98748
11.2408
9.43775
17.3194
12.5824
14.9159
22.0729
31.48
15.2735
15.0551
17.9411
15.8612
14.4225
15.5867
15.6485
16.3649
14.4187
14.7742
10.4476
9.12963
4.83787
10.76
9.08273
5.08557
9.8084
10.3452
10.914
15.4304
10.169
14.3543
21.0438
14.4698
10.3269
21.1285
10.7411
16.656
29.6677
16.346
12.6603
19.962
15.8837
14.9811
11.799
12.0447
10.1306
3.94054
12.3014
9.5014
9.31691
9.65169
7.2183
9.64367
17.1073
12.3814
17.4141
19.6285
20.5238
14.2229
14.529
20.9459
11.7453
14.2982
13.4084
20.7497
16.8475
16.5032
12.2038
7.94489
9.41261
10.8173
8.68449
8.6772
6.3732
9.14616
10.1667
10.3909
11.1566
16.9625
16.4873
14.021
14.2936
13.138
17.5386
13.4653
15.4517
13.502
18.6221
14.59
15.6593
14.5564
11.7982
9.7515
7.25234
10.5927
12.2584
8.63838
9.01826
6.33775
9.40172
9.43728
10.2029
15.9284
11.8707
17.2601
17.8269
18.3386
13.534
27.0129
13.8769
18.592
11.1195
10.9162
9.74999
6.56903
7.38426
6.88707
10.5003
6.732
7.21887
10.5589
10.4992
13.508
21.9518
20.867
14.841
19.2259
23.9215
22.3922
15.6082
20.766
14.9597
20.8064
27.713
19.5187
15.1041
14.0922
10.6146
7.95938
6.17212
7.43292
7.98697
9.26214
7.36157
10.1147
10.484
9.40499
16.8153
19.5143
19.3163
20.591
30.054
20.9429
20.3853
14.5368
12.2919
14.5638
14.4561
15.4376
32.2534
25.0998
26.2034
15.9014
16.7767
9.35672
10.326
7.90007
6.50206
9.54263
7.11039
10.9508
12.1414
18.6659
12.1388
17.1579
19.2422
20.1505
19.7739
10.5853
15.6368
12.8621
14.7617
8.16473
15.8406
11.2669
14.0739
14.1226
8.12598
9.49166
10.0798
11.2967
8.58004
9.35136
7.40179
9.97703
10.5639
11.0145
12.0392
16.1244
33.9036
20.0286
21.0331
20.4167
20.1998
22.5183
33.3833
35.0603
24.8469
20.6713
25.4843
16.7321
13.1484
10.1865
10.5555
7.33242
10.8452
10.1511
10.4844
10.3186
13.3176
9.39966
12.0738
16.6537
25.5938
22.2783
20.2833
14.6333
14.9623
15.4589
15.5472
22.9565
11.7355
23.5956
18.5758
16.2555
8.27315
9.30903
9.71685
7.37351
9.01881
8.46629
8.86826
8.936
9.54951
10.7779
10.2886
11.1864
17.2495
17.3036
13.4122
9.15812
9.55639
13.7104
13.9732
15.0139
22.7655
15.8009
10.7682
15.5362
13.5318
9.83033
10.4845
6.30854
8.39911
8.99586
8.59369
13.8328
6.82371
9.62939
10.4014
11.6253
11.4901
11.8138
8.83234
13.5345
12.898
13.9678
19.1811
12.3631
12.1249
15.1804
47.1027
39.2202
12.7165
8.58669
7.72592
6.67468
10.129
11.015
11.1543
13.407
22.2777
30.1842
19.5338
16.2458
24.4576
42.131
22.3879
16.6973
14.2406
20.0362
39.5227
10.3512
15.5621
16.18
12.8309
13.6535
8.57399
10.9878
10.8756
6.03341
9.45695
7.77006
15.9733
21.0728
7.19502
28.8871
37.5888
17.2917
25.1006
16.2738
21.3314
10.0389
15.5891
20.4189
15.7439
15.6999
18.4865
22.4467
16.5723
15.6609
8.32426
6.50372
9.09973
11.2762
8.99482
10.5053
10.2682
10.921
14.7914
17.496
23.9165
13.3337
19.8227
21.6353
23.5354
48.5537
25.359
26.4583
21.7203
11.2864
24.27
24.5036
17.9711
16.3394
12.577
9.86343
6.78632
10.4304
5.53603
6.25685
9.50789
9.5792
11.1773
15.0048
11.3962
16.7319
14.708
16.2592
11.4186
23.6923
23.7826
16.2795
33.9493
30.6048
36.8917
24.3336
22.0222
18.4819
14.0385
11.0098
7.68284
10.239
6.21227
6.63246
12.9919
10.0126
10.9201
16.807
15.0995
12.8838
28.4014
35.0338
24.7622
20.8785
20.4453
21.7891
23.2952
21.9331
18.0013
27.333
19.9937
18.9789
9.02768
9.58162
9.7191
5.48655
3.07811
8.93606
8.7794
9.25978
10.4355
10.5678
13.9974
14.4715
16.3446
19.0461
18.1284
9.09201
13.6468
13.1631
13.6776
9.59737
19.6838
20.6569
15.211
9.99855
8.57431
10.0105
9.94241
9.85955
8.45852
8.44503
11.7535
6.2966
9.37372
9.82924
10.3792
17.0017
18.4529
23.3077
12.0753
12.0306
17.0438
26.6703
15.052
13.8899
11.3885
7.1661
10.4864
11.3497
13.8889
10.2512
5.96158
10.2464
9.22214
49.8117
11.1178
17.5441
8.30661
27.3139
14.8214
22.1469
41.7505
18.1726
16.9992
10.109
14.6584
11.809
20.6469
11.8708
12.6713
12.5482
11.8076
6.8834
8.69492
10.1641
7.70248
6.16816
9.69099
7.88236
11.4002
13.0321
13.3937
25.1647
17.5615
20.8468
27.2058
22.3317
13.2683
20.7887
13.8473
18.8008
14.4663
15.5562
16.4966
15.7203
16.7164
15.1842
13.5945
9.1783
7.34349
8.0659
10.6154
9.52852
6.74167
14.9409
11.8986
24.8454
13.5818
12.9981
31.0969
18.5026
13.2757
12.6414
18.8468
26.5312
17.7027
16.6301
13.1753
11.9805
27.7113
12.1704
13.2421
9.65527
13.9506
10.4952
8.82683
6.05031
9.8987
10.473
10.8769
12.3414
11.8367
9.90935
27.1558
16.387
16.1047
20.5068
15.1249
19.7791
19.6831
18.3284
12.4098
17.9746
17.271
13.48
10.8832
9.04023
10.059
9.77421
8.74019
8.87442
8.9143
10.2572
10.3078
8.11287
16.9952
12.938
14.5733
20.7904
15.2482
10.3203
13.1127
15.4588
16.0877
13.2758
12.688
22.7042
17.0183
12.0757
11.1501
9.38875
10.0017
4.33892
9.12401
9.25149
9.30944
8.97981
11.1494
10.4295
11.4937
11.7657
17.5461
22.5167
14.695
6.63878
16.4215
19.956
11.0502
13.9609
15.1052
19.341
20.4126
10.3316
10.7431
6.25534
9.48434
10.646
11.7795
10.3787
10.1422
8.72443
13.0846
10.9895
11.2378
12.4452
13.6008
20.45
20.8922
14.5842
14.1461
25.6468
18.8724
20.2498
14.5004
11.765
14.7698
11.495
5.35162
7.25141
16.2668
8.983
6.11634
10.4013
11.1699
8.93378
11.1148
19.748
13.8712
13.4616
25.2519
20.7525
20.4285
16.2214
14.2827
21.8747
20.665
20.5033
18.5092
12.2147
11.7245
9.70494
12.3978
9.39811
5.79377
6.49867
7.224
7.46644
7.16136
11.9855
11.8122
19.5573
10.8303
20.3071
22.6107
14.4671
15.2765
12.4322
15.2691
12.183
14.6777
11.8327
21.7967
19.702
16.7018
15.9732
12.2061
8.7982
7.89882
8.22529
6.20382
6.50921
10.2446
10.1748
11.864
25.2893
11.5431
13.5302
21.8117
23.1999
15.7679
11.4813
13.6726
15.2109
15.8358
22.0346
16.2675
18.0565
15.0484
13.4279
9.52143
9.18386
7.10818
7.84805
12.7484
9.68606
9.20864
9.76177
11.5521
11.3105
9.00244
11.6836
18.5204
11.0304
15.3568
21.5766
16.6146
11.1907
15.4177
23.643
23.5455
19.0837
16.6008
16.3406
13.5196
9.35019
10.1309
7.9473
7.95769
12.74
9.63847
12.9946
10.4643
10.8333
12.6782
10.8346
21.2367
23.4505
19.7019
12.9042
14.7793
16.0685
14.1672
21.0773
16.0703
23.6959
17.6058
15.7927
13.2096
9.80441
10.6524
7.33237
5.97465
8.63536
8.38689
8.80022
9.2291
10.4484
10.3423
11.2924
13.3803
24.737
15.3585
13.3085
20.637
26.8741
13.4454
14.5473
22.2742
12.3179
16.8905
12.7718
13.6171
9.64296
10.8045
11.25
9.01501
8.72681
6.10936
9.1125
11.1758
11.2026
13.8484
10.2432
12.2358
13.046
12.8966
18.8866
13.1589
26.7661
18.2346
18.2775
24.0805
11.4538
9.23402
11.548
10.8167
9.79868
10.0271
10.0397
10.1449
7.17338
11.0635
12.7098
13.3262
28.1449
20.9428
14.9127
31.802
24.8802
30.3213
21.0688
22.3859
18.6132
62.7555
18.9297
18.6793
18.1705
17.3371
8.18178
7.86805
10.2111
7.75615
17.8508
8.68329
10.2878
10.4541
12.0816
18.0312
17.7327
15.1054
13.4495
31.2104
22.3908
24.3108
19.5443
19.378
12.3784
22.6899
16.3714
16.5658
16.2264
13.2374
13.0699
9.27145
13.9334
3.93939
5.86127
8.96966
9.92818
7.01798
10.5484
21.3155
15.8283
12.6177
13.8986
16.4305
30.287
15.8221
14.2623
14.4156
21.7879
15.8462
10.6102
12.8588
15.2347
16.1963
15.144
11.7516
10.2137
10.5224
7.54072
6.94996
6.19616
9.43644
10.1165
15.4024
11.6116
14.0103
11.65
21.7575
21.1154
14.6444
10.07
15.9456
13.134
23.4217
24.8569
22.49
17.9293
17.296
18.9917
15.6977
9.18846
10.6675
15.8034
12.8119
9.07674
9.35985
9.8444
10.7815
11.7362
12.0187
17.933
20.4525
29.6944
19.6646
10.857
15.1206
14.7647
14.1763
15.7547
15.7305
19.6223
21.5321
16.1241
11.5025
12.9105
9.36902
4.26294
8.0443
8.67569
9.19852
8.66104
12.9925
9.80436
10.0773
11.1977
16.5027
16.6683
12.2743
12.6436
21.2548
11.8887
11.6673
11.8571
16.9806
16.6
11.7692
17.0734
10.3253
11.5253
10.7925
13.7654
6.67218
6.74273
6.87809
13.1988
14.242
11.6769
6.1393
16.9259
17.5307
27.3876
27.6834
17.7974
20.1901
26.091
25.7269
17.4356
26.3736
15.7653
23.4224
13.9641
10.622
10.5248
7.98357
9.77234
7.33777
11.1062
12.5821
17.7362
13.4774
17.6989
19.1821
14.7387
23.4625
20.7285
19.4964
14.897
22.4741
18.4446
31.8712
22.1433
14.7745
12.4077
15.3182
14.0676
12.5047
10.8429
7.84233
6.19
9.15525
7.5391
10.7439
12.1394
13.5841
23.1453
19.2171
12.7389
29.0752
21.9548
22.1285
20.5381
19.2597
31.6918
26.4578
19.5354
23.0918
24.0449
17.0327
14.5304
12.4309
12.7558
11.499
8.77524
6.09832
9.10731
4.33267
11.5133
11.3701
12.5081
12.2579
16.9169
19.3582
22.7284
15.6073
19.5782
14.8005
20.2692
21.1623
16.9974
17.858
18.2856
16.9473
11.5621
12.9101
9.42149
9.62974
5.19023
9.23877
6.90693
9.66538
10.4459
14.0498
12.7158
15.2715
17.0221
23.219
27.2027
14.3516
14.6689
15.2645
16.0197
19.0771
18.4504
21.3074
20.5774
15.5252
16.0598
11.6972
13.2861
7.06594
3.188
8.75097
6.85241
6.43974
10.1677
10.9708
11.5395
12.0762
13.0529
19.184
22.136
16.319
16.1393
16.2219
11.0657
16.3062
17.5126
19.151
13.621
14.0832
17.226
9.27658
10.9185
9.81743
10.8309
5.91519
10.5182
6.58117
7.82906
10.8813
11.6909
12.4944
19.9063
10.7647
22.4515
21.5358
14.8533
15.3968
15.5326
10.6479
12.6543
21.2852
17.1453
16.8892
9.67446
13.1745
10.1937
9.31376
11.002
4.44517
6.17396
9.21832
9.2071
10.1608
10.1897
15.5743
16.5159
9.09253
20.1886
26.4674
17.6727
12.8022
21.0413
16.5191
19.344
17.564
16.3286
10.1206
14.0241
7.46149
7.67314
7.97995
11.7374
11.0177
12.493
11.9354
13.5522
14.8647
28.2088
15.6913
16.2452
12.9706
31.383
16.1531
15.7621
22.3279
20.55
12.6206
15.055
19.4752
18.1126
16.9177
13.8849
6.32285
7.37857
8.17833
6.57734
7.9589
7.40151
10.0146
19.0182
12.8431
15.3967
18.3066
21.6239
22.4031
21.8514
24.4736
15.8871
24.3199
13.0344
15.3948
15.0728
12.875
18.7394
15.9151
11.7604
11.5908
13.7989
7.39023
8.65874
6.35832
7.47359
10.0127
10.9859
8.4265
12.2929
13.0659
13.141
21.8153
17.7261
18.1119
16.6021
16.5771
18.438
21.8812
17.295
17.7861
17.7901
17.4396
16.4061
13.7109
14.0317
10.4957
2.95554
9.37991
9.51273
13.8143
8.07877
10.7263
12.7025
12.8053
12.8892
16.3804
18.0997
22.53
12.0706
12.3276
16.4835
23.1741
20.068
29.2753
26.3706
19.7239
18.6725
14.2741
14.4591
11.0539
7.33113
4.20553
9.52326
7.117
20.3194
10.8881
11.2706
11.8193
13.5696
14.1672
17.3905
16.5889
13.0785
15.8603
15.1908
15.8162
17.7221
17.1675
25.2365
17.5685
16.8048
10.2565
12.5518
5.43799
8.18979
11.1636
8.74979
11.2581
14.2296
10.9283
12.7422
11.9167
14.0801
11.5697
16.4045
14.6209
10.0525
9.61548
14.5086
14.7211
11.3581
13.9993
15.4937
10.7695
16.3741
12.9673
12.9279
9.84596
9.20893
10.6998
7.37117
8.81734
9.83665
10.1061
8.09175
9.78252
10.2444
10.5538
8.50958
9.59314
12.7247
13.0973
13.4336
13.2962
12.9957
8.54776
10.636
10.4035
9.01223
7.88995
7.94383
8.38271
6.86541
7.78494
7.68383
10.3225
10.1016
14.5051
14.5415
19.3877
13.4778
19.643
15.0598
14.9659
14.9709
14.97
23.6108
13.4592
22.0692
14.0397
13.0942
11.8712
14.8441
9.0921
12.1167
6.12958
12.6145
8.93107
5.57068
11.765
12.0682
13.7664
9.89526
12.1147
10.7802
8.93558
20.4953
15.481
12.3841
13.0089
13.5026
9.53
13.7244
18.706
19.7882
12.0253
15.4905
13.2354
9.36535
10.4196
8.45515
13.9961
10.2423
5.69135
10.5353
9.98946
12.8119
13.5127
13.0281
15.6454
12.1716
15.8847
18.5824
13.262
13.1216
12.9317
12.6204
11.5078
9.71393
17.9218
11.9942
14.1423
10.815
7.31801
11.2524
9.27108
6.76415
10.2271
10.8744
7.80614
12.1884
11.9902
12.5269
13.4521
15.6428
14.8974
10.0455
12.9927
19.8285
7.51077
15.361
25.3906
17.6285
19.2778
12.8861
10.3709
9.42509
12.3583
13.2747
16.932
11.3751
9.73328
8.19088
11.0654
12.0891
11.0533
8.90783
10.8818
11.5669
14.5832
18.1379
19.0583
13.6054
17.6532
14.3117
13.8924
14.2145
15.9038
17.9212
13.9745
11.1997
11.9767
8.38159
14.2422
10.572
9.52959
10.0505
10.8392
16.747
12.4772
13.7796
23.4591
17.9881
14.0139
18.7902
9.74527
16.7585
8.76894
12.7512
12.2066
18.7151
20.0812
17.7739
9.38596
9.89645
8.14129
7.77823
12.5566
9.61892
9.54569
6.83368
15.0174
10.5907
11.4545
17.5905
32.413
62.4301
14.0829
16.5901
18.2313
21.4858
20.6384
16.466
15.541
10.3517
8.32697
21.0766
11.9535
11.1797
10.4058
20.0056
23.6226
16.2619
17.7784
11.1702
15.8588
20.9172
24.1591
101.093
59.0943
54.8395
22.3583
22.5015
34.8939
25.42
34.9478
24.5876
27.9384
9.05795
35.2508
26.1981
19.5807
11.976
11.4639
10.2871
7.48916
11.7753
12.7736
87.932
48.0064
89.3871
16.6214
146.319
158.774
59.6842
30.7433
18.7185
13.7653
29.8575
10.6962
30.3997
22.5971
24.3572
35.0932
21.9465
13.1017
20.9916
9.74881
8.83789
10.4651
10.6988
13.0458
10.3649
17.4635
16.4969
13.9047
24.0847
17.6006
24.2261
31.9814
28.2308
29.5499
19.1129
28.8901
31.6343
24.0896
25.6483
23.885
16.1072
14.2329
18.9931
25.1219
25.3096
17.1948
52.1438
30.4218
32.7204
25.1509
20.8798
15.3298
13.9148
16.7302
14.5708
15.0592
13.5963
13.4783
20.5163
18.7641
18.0121
19.2935
16.5085
27.398
13.2465
12.994
10.2091
6.99748
9.12865
7.17196
9.31866
6.3389
9.89906
7.73467
7.58235
14.3169
15.9917
12.1052
22.5782
16.9469
14.151
12.9504
13.4525
12.3784
21.3735
25.41
17.8921
17.8425
15.3417
12.5715
13.6854
11.0631
7.67291
9.61674
9.35797
9.48074
9.30712
12.7968
10.8484
11.6554
15.3847
13.9412
15.6625
10.071
11.8364
14.7246
14.1105
9.10339
14.8669
10.447
16.308
12.2435
15.5012
13.13
9.00201
9.77468
5.57495
8.74365
11.6887
8.98921
9.24907
9.68233
9.88962
10.0078
10.3663
11.0009
12.1663
16.2546
12.0006
8.4203
18.5247
18.3936
11.952
10.0506
9.84038
9.66327
8.50398
10.4125
10.0034
3.86492
8.9938
7.92341
7.92185
10.9653
13.1437
13.5952
27.7486
15.2422
19.6494
9.4173
15.0394
19.9274
14.3835
20.672
21.2172
30.0969
14.825
14.0397
13.2475
11.2996
8.29777
12.2032
8.16283
8.11727
6.57952
10.954
11.2125
11.1032
11.0025
12.6765
18.4359
13.7616
10.8886
21.3712
20.5692
14.5338
20.6209
14.7943
14.627
21.159
14.0826
19.8898
16.5279
17.8546
16.3125
14.9011
8.31177
10.7584
12.0001
8.00155
7.63096
9.59338
10.3282
11.1623
11.839
17.4751
9.15549
14.9988
16.1488
21.0966
10.4755
10.6365
11.1186
16.2949
13.4947
15.5112
17.0677
19.9012
11.219
9.08983
9.58003
9.93882
5.38129
6.11646
9.02588
9.67245
10.0622
10.706
11.5998
12.1289
12.4209
9.99649
9.47461
13.0632
10.0311
9.97217
19.468
16.4799
24.8884
16.9603
17.5658
23.3526
16.3434
13.2117
10.2053
7.86503
11.4907
9.02932
8.92992
9.38761
9.42113
10.3652
10.3431
11.1223
10.0831
11.8858
17.9709
16.0947
7.71643
11.5388
11.6084
12.7131
13.0908
23.4562
14.1091
21.4853
12.5885
14.2566
7.99406
8.34163
19.474
11.8132
12.3407
17.505
14.0024
9.36342
9.43746
10.2433
13.5498
11.6204
14.0036
8.59506
8.80082
11.6008
11.774
12.3939
10.8034
11.8158
11.1099
9.62218
13.8071
11.6118
10.2719
9.84601
8.27631
9.50954
9.59496
6.97375
9.76224
10.2434
10.4889
7.62382
11.46
15.9942
14.5776
12.1555
15.0914
12.934
29.278
17.9507
17.6683
12.4768
7.8203
9.82865
8.48985
7.75192
10.1327
8.56129
6.64563
10.9312
11.0243
7.47008
12.3091
13.0798
19.5886
17.5182
10.3405
20.9244
24.0259
13.7186
13.4443
13.6676
14.6925
36.75
28.0241
8.23319
12.4351
10.0065
6.45115
5.55714
10.5833
5.02266
7.14826
5.64782
11.447
11.2453
11.9104
16.1841
24.2624
17.8966
18.5122
14.9328
22.0954
19.0502
15.3058
16.5698
14.5077
13.9539
16.234
18.295
23.3854
16.6172
16.9897
13.0608
9.82229
10.2278
3.188
9.25542
6.70757
10.4698
14.642
11.5547
11.9302
12.9833
13.1096
22.1069
17.7026
13.8514
12.249
13.8313
19.641
14.7773
22.141
22.5737
17.518
15.43
11.9911
13.4818
7.14164
8.64147
11.6107
6.58159
6.86886
12.1459
10.4612
10.9109
11.5791
12.3855
12.6823
17.6746
14.4558
12.3405
15.9003
16.0952
9.9122
9.56038
13.6422
18.5737
16.957
15.8258
11.1379
13.0969
11.7296
9.27111
15.382
21.429
11.5054
23.6774
23.2642
17.6689
14.5508
14.6598
11.5012
13.6143
24.7527
13.3103
10.4125
13.8644
15.0544
12.014
20.7512
19.2231
24.1242
16.9083
16.1485
11.8925
6.42634
7.2892
7.51076
8.64431
12.8215
8.83216
9.51071
9.92395
15.3069
10.6618
11.936
13.5785
14.9992
14.6917
13.4442
12.7726
12.6849
13.579
12.93
11.5124
17.1461
13.5219
20.3751
8.58318
9.10096
9.30348
4.91355
4.20401
8.43277
4.94283
8.46957
8.63967
13.6641
10.0299
10.6679
16.2353
17.5631
33.5373
17.475
15.9305
36.1165
20.4017
16.8201
10.479
11.5441
9.68068
17.2113
7.4333
9.87497
7.81705
7.501
10.5349
9.92167
8.31513
12.7382
11.9854
13.938
18.3273
13.8329
39.077
15.5042
19.889
18.538
20.1609
18.3851
39.1719
21.7928
12.6583
13.4955
20.1754
12.7429
11.4933
10.5229
7.85404
9.05648
6.6885
7.38332
13.46
11.3401
14.8096
14.2553
11.9638
17.893
11.9442
30.0872
9.97269
16.3369
25.3253
22.0081
18.937
15.0033
15.1516
12.1103
15.7089
21.1621
9.15755
7.18824
9.0336
8.14812
8.56167
6.30201
7.36471
10.3022
9.29677
11.4218
16.9821
8.60271
18.763
20.0942
13.814
9.6799
10.5314
20.6558
15.1523
10.793
15
24.0539
15.182
14.8551
8.2978
6.39295
10.3531
7.94777
8.80916
9.42593
9.18771
7.9591
10.1342
15.4797
11.5443
20.1711
6.51522
15.1844
10.9338
9.94164
13.587
19.2608
20.0147
12.876
21.1556
12.6741
14.3529
10.7522
8.66811
9.01013
7.17551
10.9734
8.51831
7.27539
6.51626
9.55906
14.5273
10.7884
10.604
16.3234
13.2331
21.5442
9.58341
14.0866
12.2545
13.2549
13.2719
13.6994
19.0328
19.2894
14.0815
14.8733
12.5239
11.1316
10.0789
3.73192
8.33483
8.83702
9.05808
9.13232
12.5619
13.8625
10.3921
15.8844
21.7644
13.1247
19.686
16.1631
10.1098
12.1268
9.91749
12.7434
16.8098
11.6858
16.9972
12.8484
10.6188
8.72511
6.91977
4.81935
9.97104
6.2509
5.97593
12.5231
9.50768
13.425
9.99161
15.0749
17.8041
12.3037
17.783
13.2932
17.3337
19.7946
19.3205
23.5193
22.0564
14.1345
11.9907
11.2151
10.3387
7.2393
7.8239
8.67039
9.13891
13.7525
9.42671
15.2259
14.9382
22.5417
15.9909
21.8508
38.0454
20.0564
12.793
18.058
15.7087
21.4554
14.5074
14.362
14.3023
12.5588
18.542
11.4006
8.14852
8.73396
9.99641
19.2438
11.4559
19.867
20.9065
27.8054
