-1
-1
2
2
9
9
-1
-1
7
24
35
18
11
-1
4
2
4
-1
6
5
66
25
22
16
54
53
3
19
-1
-1
123
-1
-1
31
-1
-1
-1
33
-1
-1
-1
4
12
18
6
91
32
22
37
30
6
24
50
-1
24
-1
-1
-1
-1
7
5
-1
33
11
-1
3
20
2
4
-1
-1
7
15
25
-1
13
34
-1
-1
23
2
2
5
8
-1
-1
7
-1
8
4
22
-1
6
-1
3
4
10
18
10
8
-1
-1
5
-1
-1
-1
5
5
32
28
-1
23
5
8
7
4
3
18
-1
7
28
-1
-1
10
6
-1
-1
64
38
10
43
-1
1
15
8
-1
10
1
18
-1
-1
20
-1
-1
42
11
9
73
40
43
63
18
28
18
40
8
32
48
116
27
17
3
5
-1
46
2
7
18
12
54
56
36
55
106
57
60
14
11
9
-1
14
-1
58
7
-1
25
3
-1
17
2
9
17
28
19
8
33
31
21
19
-1
-1
4
39
36
4
15
2
-1
8
43
1
1
1
29
24
10
8
-1
-1
-1
9
-1
-1
10
13
21
22
67
33
4
5
-1
-1
3
5
-1
-1
7
8
10
11
21
34
26
15
-1
14
-1
-1
11
15
-1
9
-1
70
-1
230
6
18
-1
-1
9
16
8
61
119
18
-1
16
45
7
-1
116
265
27
7
11
-1
14
116
311
6
3
-1
11
23
26
3
9
-1
-1
5
7
11
-1
-1
35
52
88
8
107
-1
126
12
-1
64
-1
3
10
4
9
10
5
11
-1
17
22
2
15
-1
3
-1
-1
6
-1
7
9
18
99
3
50
6
78
71
-1
6
23
23
-1
1
1
33
2
3
3
-1
-1
-1
21
12
-1
8
77
12
27
51
15
18
28
35
28
19
-1
33
81
9
32
11
5
10
4
8
-1
-1
-1
-1
11
27
21
15
-1
1
14
17
38
22
-1
5
6
-1
-1
7
4
-1
-1
-1
10
13
-1
67
13
-1
5
7
-1
4
17
7
18
14
21
12
46
-1
18
10
10
17
17
29
-1
-1
19
11
77
31
-1
-1
-1
3
6
6
10
63
10
15
-1
11
25
18
45
-1
-1
-1
-1
-1
-1
90
46
61
-1
2
13
3
13
11
14
20
9
59
-1
-1
5
-1
21
6
155
5
-1
-1
-1
18
99
7
38
-1
-1
5
-1
77
26
9
29
32
11
-1
11
1
-1
-1
2
-1
-1
10
-1
13
62
7
-1
4
17
71
30
15
26
6
-1
4
-1
-1
-1
11
-1
-1
9
-1
-1
-1
-1
17
5
22
37
8
-1
-1
8
16
58
3
10
-1
-1
-1
13
-1
2
2
-1
1
-1
4
3
2
-1
29
8
21
-1
-1
6
46
79
10
4
12
8
-1
-1
-1
3
-1
1
-1
-1
-1
4
11
1
-1
3
-1
1
4
1
54
-1
27
-1
17
-1
-1
31
10
-1
-1
54
-1
-1
154
16
14
5
13
110
-1
12
23
2
41
11
-1
22
-1
4
-1
-1
-1
17
36
84
35
15
-1
366
66
127
4
7
-1
5
1
2
6
5
-1
-1
-1
46
-1
-1
22
-1
29
78
7
-1
-1
131
33
33
47
50
14
5
7
18
12
9
7
11
40
58
10
8
9
3
14
-1
6
-1
-1
16
-1
-1
4
10
21
19
-1
-1
30
184
148
-1
69
5
-1
-1
16
9
5
5
-1
-1
48
-1
9
29
2
3
7
7
8
27
16
7
2
-1
13
-1
110
-1
-1
5
40
55
9
-1
2
-1
21
11
-1
7
8
-1
-1
-1
-1
13
13
-1
12
-1
12
-1
-1
114
256
-1
17
6
8
13
11
218
-1
33
2
6
7
37
7
6
-1
12
20
17
-1
38
28
-1
23
47
-1
5
-1
8
130
59
57
-1
2
5
1
37
6
7
-1
25
-1
-1
-1
-1
-1
111
6
47
-1
-1
-1
-1
25
13
5
4
-1
6
23
35
14
-1
9
19
12
4
13
13
20
30
6
61
63
21
13
77
-1
102
12
47
2
8
-1
2
7
-1
8
50
17
28
28
11
9
9
13
-1
2
8
20
56
16
3
3
7
4
-1
2
11
-1
25
26
-1
24
-1
4
-1
3
-1
8
-1
10
14
80
8
13
56
2
-1
1
64
-1
30
41
9
18
29
38
47
-1
28
20
11
-1
24
-1
-1
-1
-1
-1
41
36
18
4
-1
-1
-1
-1
11
8
12
13
28
23
8
28
11
25
3
5
22
17
9
18
29
11
8
10
8
20
49
21
15
33
-1
19
65
-1
34
10
10
43
7
-1
10
12
-1
-1
63
7
4
10
-1
23
1
8
41
25
33
10
-1
10
24
10
64
26
92
38
3
21
-1
6
5
123
2
5
-1
10
-1
27
10
40
15
28
47
87
53
6
9
20
12
23
-1
-1
334
-1
-1
47
45
3
-1
-1
4
-1
9
12
10
46
47
36
7
17
13
6
-1
-1
-1
-1
10
8
-1
-1
-1
16
6
12
-1
13
23
-1
4
10
5
34
14
7
1
8
21
-1
-1
-1
36
45
8
54
6
4
-1
-1
21
181
37
51
-1
16
12
-1
20
28
46
2
2
8
-1
16
52
-1
-1
-1
5
2
9
25
31
11
26
45
-1
12
5
-1
-1
-1
24
143
33
-1
-1
-1
2
13
-1
56
5
27
5
4
-1
51
19
25
-1
25
-1
-1
8
15
-1
-1
-1
-1
-1
-1
13
321
9
24
4
-1
2
3
8
10
56
58
11
-1
21
-1
18
-1
17
12
107
-1
23
-1
26
39
6
-1
-1
-1
5
15
7
-1
8
26
-1
-1
12
-1
-1
16
-1
7
-1
-1
15
-1
-1
86
137
166
18
7
1
2
-1
-1
-1
-1
19
40
-1
21
28
1
20
8
-1
10
25
11
6
92
6
3
10
41
-1
-1
21
9
-1
-1
8
30
5
-1
24
-1
13
21
19
50
50
61
33
8
8
14
11
-1
-1
50
20
17
23
11
21
15
-1
6
109
30
26
39
3
83
21
-1
8
7
7
41
1
7
4
2
43
-1
51
74
-1
21
9
-1
20
2
-1
2
13
6
-1
7
12
7
11
-1
4
1
5
68
-1
-1
60
23
44
17
9
-1
-1
86
6
-1
5
-1
-1
-1
12
15
-1
62
6
8
2
-1
-1
9
26
-1
37
8
217
175
30
-1
10
28
20
9
32
10
4
-1
-1
6
-1
-1
6
2
-1
12
18
82
98
24
135
-1
182
15
28
54
4
7
7
-1
20
32
111
209
12
1
3
-1
1
-1
26
-1
74
88
83
15
19
13
37
59
44
10
21
14
5
9
34
47
3
30
5
28
156
298
15
10
5
7
-1
-1
12
4
-1
47
23
12
83
208
26
9
22
20
1
7
-1
14
15
33
13
18
18
8
9
16
20
-1
16
-1
22
-1
8
31
-1
3
9
9
-1
13
17
-1
-1
-1
6
20
15
27
28
-1
25
14
29
-1
7
10
127
20
-1
4
-1
246
50
7
8
2
9
3
1
17
36
24
-1
-1
-1
6
-1
91
213
-1
30
13
24
346
281
-1
55
2
10
1
-1
-1
15
9
31
3
8
11
-1
-1
13
23
5
62
-1
19
-1
-1
9
11
6
6
-1
-1
-1
-1
11
29
82
30
22
53
149
8
70
24
12
6
6
-1
-1
2
-1
8
-1
12
9
-1
18
60
35
57
56
35
9
29
16
10
-1
14
22
-1
18
45
48
7
15
-1
-1
-1
-1
25
26
48
22
11
-1
18
20
-1
-1
32
16
28
45
-1
80
22
43
14
23
41
15
11
10
-1
12
-1
23
19
-1
9
-1
-1
11
26
18
60
71
64
11
20
9
40
89
8
94
-1
14
-1
19
-1
-1
48
-1
19
29
-1
31
62
19
10
170
-1
22
47
161
61
-1
12
4
-1
5
17
2
4
25
20
17
6
72
18
19
1
-1
38
27
-1
-1
-1
-1
5
95
-1
2
3
-1
16
6
10
15
13
23
-1
-1
-1
-1
-1
7
8
40
20
2
-1
6
39
2
-1
17
2
-1
-1
15
15
7
10
31
16
12
19
19
-1
28
29
16
-1
-1
-1
-1
-1
144
10
64
1
5
-1
-1
3
-1
-1
15
25
13
7
-1
8
9
1
1
-1
7
-1
11
-1
85
3
2
8
8
40
25
18
15
10
32
-1
-1
-1
-1
-1
2
8
3
5
-1
-1
5
36
4
29
12
10
9
9
12
10
19
56
8
12
9
-1
-1
-1
12
-1
-1
2
-1
7
2
4
9
7
-1
2
3
1
-1
12
18
31
-1
6
19
-1
54
-1
-1
6
-1
5
7
24
11
7
4
11
7
-1
-1
-1
2
3
-1
12
8
11
-1
-1
-1
16
-1
22
-1
-1
-1
-1
204
476
-1
93
-1
5
12
1
21
6
50
13
20
-1
15
16
-1
-1
45
14
7
16
-1
10
-1
56
625
11
1
-1
-1
13
5
10
17
8
11
15
15
8
77
38
33
17
10
34
188
11
56
-1
63
63
-1
38
-1
3
9
3
12
9
30
15
28
17
81
5
20
14
28
-1
159
-1
50
7
12
4
3
46
-1
-1
41
10
8
4
-1
-1
7
-1
-1
-1
-1
21
83
-1
15
10
88
-1
114
59
10
-1
15
-1
17
11
25
21
36
42
32
23
41
38
43
80
12
12
13
-1
51
11
111
22
4
3
6
3
8
8
25
13
16
31
15
-1
21
-1
-1
-1
-1
115
-1
98
-1
13
5
11
26
9
-1
-1
-1
-1
22
20
16
26
14
-1
11
-1
26
48
14
-1
-1
-1
39
3
4
-1
19
5
9
22
14
8
-1
7
19
5
16
26
-1
-1
62
21
5
3
42
6
-1
5
11
53
8
3
2
-1
-1
-1
25
12
100
13
5
18
7
-1
70
-1
131
69
68
51
24
-1
-1
60
18
10
2
26
-1
-1
113
23
-1
13
13
18
7
1
10
24
93
56
14
1
15
5
7
-1
12
2
12
-1
15
-1
12
9
-1
16
19
23
14
6
5
11
9
-1
-1
12
-1
13
15
2
13
14
18
-1
38
20
21
10
17
13
15
14
26
31
60
33
25
15
16
14
-1
3
10
46
37
3
1
7
-1
5
-1
12
15
16
22
-1
12
12
-1
9
5
8
-1
7
11
7
3
18
9
1
2
1
6
-1
-1
79
41
12
16
24
-1
19
58
7
43
-1
59
3
7
235
-1
6
50
17
6
14
-1
-1
35
68
39
43
34
75
113
-1
23
-1
11
-1
-1
-1
48
302
15
58
3
-1
-1
-1
-1
-1
2
6
23
36
14
14
7
21
28
22
52
119
9
4
-1
7
22
10
-1
4
46
-1
21
2
61
27
47
12
23
54
38
14
39
38
21
-1
-1
41
34
13
46
26
-1
43
4
16
24
28
23
36
11
42
18
106
28
16
17
42
24
21
-1
51
85
20
79
11
5
-1
100
-1
34
3
23
20
11
-1
8
17
19
6
7
6
115
7
-1
16
-1
10
65
14
14
1
17
3
13
12
8
-1
20
27
20
16
21
12
6
-1
8
109
11
3
8
-1
3
-1
27
-1
4
-1
15
10
12
10
20
9
12
-1
72
-1
1
66
183
-1
-1
-1
42
-1
81
53
21
-1
7
-1
9
7
12
16
7
21
15
19
-1
4
-1
12
-1
17
10
-1
101
-1
-1
-1
59
-1
9
2
3
-1
10
-1
28
33
36
21
-1
2
-1
-1
4
-1
-1
-1
-1
4
-1
-1
6
3
-1
30
15
27
17
13
13
28
21
11
25
-1
-1
-1
102
8
-1
-1
-1
7
8
5
20
13
19
4
50
27
9
11
61
32
10
-1
-1
-1
-1
41
15
-1
-1
11
-1
11
-1
4
11
3
8
12
60
121
17
7
-1
52
20
24
91
70
47
4
12
26
-1
-1
47
78
80
41
5
-1
19
58
8
47
18
7
-1
65
-1
-1
11
-1
4
42
24
5
-1
6
-1
-1
8
37
-1
-1
18
1
3
11
20
14
32
177
152
-1
-1
-1
5
36
13
11
11
62
22
82
81
11
2
20
2
6
-1
42
-1
16
148
22
19
182
-1
15
-1
182
85
6
32
6
-1
2
6
-1
19
4
3
3
-1
5
-1
-1
-1
18
9
19
67
-1
-1
6
-1
-1
-1
-1
-1
-1
5
96
4
6
-1
24
17
69
-1
48
18
7
17
16
11
8
5
52
5
7
13
5
12
3
12
57
18
39
6
19
166
24
109
9
-1
15
9
21
15
5
-1
8
2
-1
30
-1
63
14
4
3
11
11
54
-1
9
20
-1
64
17
18
16
46
18
-1
13
17
6
9
7
-1
-1
22
6
-1
-1
1
30
-1
-1
14
59
30
8
14
149
26
-1
7
-1
39
13
9
-1
-1
6
-1
7
8
5
5
20
4
21
-1
7
94
20
15
-1
-1
-1
16
11
22
5
-1
-1
-1
-1
-1
80
41
40
1
2
4
6
-1
15
20
13
36
21
-1
-1
33
5
124
-1
-1
-1
6
-1
-1
-1
-1
7
17
11
26
-1
23
27
8
36
37
12
25
36
62
-1
-1
3
-1
-1
-1
-1
1
12
7
18
19
4
-1
7
-1
11
13
23
8
69
70
54
13
58
42
20
7
8
54
31
47
15
-1
-1
15
12
18
-1
12
71
18
33
19
34
33
45
14
17
20
96
9
11
14
61
9
8
-1
2
9
8
8
-1
12
19
14
23
180
-1
-1
16
36
10
-1
-1
-1
-1
-1
-1
-1
4
-1
6
4
5
-1
4
4
12
8
27
27
-1
214
25
37
12
2
-1
36
-1
-1
6
-1
33
16
67
2
-1
37
12
-1
30
39
19
33
83
82
11
49
22
113
196
-1
-1
93
-1
6
236
-1
17
-1
2
7
-1
4
7
17
6
15
50
56
17
18
20
122
-1
9
256
8
27
28
423
131
81
3
8
16
8
-1
6
10
16
15
24
-1
35
24
7
20
14
24
20
-1
7
45
4
10
3
13
10
29
9
23
-1
42
92
25
64
46
115
-1
22
123
-1
27
-1
-1
24
32
31
5
7
11
4
43
91
15
54
47
23
33
41
171
60
2
10
-1
-1
-1
16
5
3
-1
-1
7
-1
-1
13
8
22
61
68
40
62
31
31
85
41
-1
11
25
49
-1
6
-1
37
-1
63
-1
1
2
9
4
-1
16
-1
11
-1
14
49
51
75
14
39
37
27
4
102
-1
13
48
117
55
2
1
2
14
12
-1
17
13
21
15
17
15
28
5
6
38
4
11
-1
4
2
18
4
-1
6
30
13
-1
-1
9
12
13
10
10
16
14
27
12
7
68
15
32
16
45
14
31
-1
35
7
-1
4
10
3
3
12
15
10
47
27
35
32
17
-1
-1
1
-1
-1
6
56
10
-1
-1
27
1
2
-1
1
13
1
-1
6
1
6
4
3
-1
-1
8
-1
-1
-1
2
1
-1
-1
-1
-1
-1
-1
-1
-1
2
-1
3
1
1
1
-1
5
1
15
3
-1
84
-1
4
14
5
7
17
3
10
-1
39
61
-1
14
13
-1
65
9
38
30
8
18
37
65
3
7
-1
16
-1
-1
7
15
2
-1
-1
43
27
23
-1
18
26
34
-1
-1
18
11
37
115
11
11
-1
10
125
12
7
5
4
-1
10
21
12
5
12
12
19
11
18
-1
24
63
33
28
-1
13
-1
28
-1
-1
13
21
-1
9
-1
3
8
14
20
15
-1
12
157
53
10
12
36
5
10
-1
10
26
10
6
21
44
10
-1
12
9
-1
7
-1
76
26
61
30
52
25
39
-1
64
12
18
7
4
96
10
9
38
22
18
20
1
28
8
2
7
34
14
20
12
8
54
1
30
9
-1
13
9
3
8
4
9
17
29
-1
28
21
21
25
18
42
9
23
32
13
-1
19
18
-1
18
21
16
14
13
10
5
4
8
18
6
26
6
16
31
11
37
28
12
23
-1
10
76
37
14
-1
-1
68
-1
9
45
12
12
19
6
10
21
5
-1
43
11
-1
41
5
25
4
17
10
63
8
14
68
11
227
4
90
-1
20
13
9
14
86
24
43
21
16
2
9
19
-1
55
20
9
-1
8
11
36
64
11
29
14
-1
7
-1
-1
15
66
22
25
119
-1
9
7
6
65
12
-1
2
5
-1
7
83
10
-1
-1
7
45
5
11
16
14
12
33
24
19
9
12
44
19
-1
20
-1
-1
47
271
10
37
2
-1
6
-1
29
10
-1
6
31
22
-1
-1
3
6
3
17
-1
15
43
127
-1
13
8
23
17
35
5
99
35
12
28
62
46
63
19
54
23
37
12
16
29
-1
20
28
12
55
2
94
-1
-1
7
-1
38
13
11
9
21
5
34
108
64
17
9
3
23
5
3
-1
36
6
3
27
2
43
-1
13
-1
13
35
14
12
24
32
-1
5
8
-1
-1
10
13
-1
57
7
-1
-1
56
34
-1
4
6
18
-1
63
29
79
17
-1
-1
8
9
13
16
8
-1
-1
5
13
-1
22
45
-1
-1
14
4
6
30
29
-1
2
17
36
-1
-1
11
24
22
-1
11
17
9
31
79
5
15
67
1
26
10
3
58
17
94
30
6
35
30
37
14
23
16
10
10
10
12
16
18
12
145
-1
5
3
-1
4
9
15
41
17
9
9
17
-1
43
-1
-1
25
-1
10
-1
17
26
5
11
-1
63
18
16
-1
62
4
-1
44
6
81
63
25
31
39
25
-1
43
12
21
134
28
-1
5
-1
59
14
33
16
12
23
20
44
19
13
27
7
9
53
13
22
9
-1
-1
-1
98
6
18
37
3
24
23
17
16
11
-1
11
9
15
14
-1
59
16
2
6
-1
8
3
5
15
11
15
-1
1
18
7
39
33
17
18
10
11
-1
16
6
-1
6
17
-1
8
5
-1
-1
-1
-1
4
15
7
-1
-1
11
-1
6
-1
-1
10
64
4
9
5
99
9
14
25
31
-1
-1
45
-1
5
21
1
2
8
-1
24
8
-1
20
12
-1
7
27
8
15
37
27
14
26
12
8
17
-1
-1
3
15
-1
-1
-1
35
16
18
17
14
13
18
11
5
12
40
17
17
11
28
15
16
1
-1
51
9
26
7
89
12
67
26
37
37
53
-1
7
35
30
61
16
102
78
48
56
22
16
-1
-1
11
41
40
52
29
13
-1
16
9
-1
-1
14
5
10
29
5
27
-1
-1
21
152
153
114
6
52
7
15
11
32
34
9
16
30
13
17
12
10
121
-1
20
-1
-1
-1
12
-1
10
28
14
47
6
-1
225
5
8
18
23
9
-1
19
2
-1
13
7
-1
9
-1
-1
-1
96
11
54
27
15
4
-1
14
-1
-1
9
14
18
40
-1
-1
161
44
76
21
71
15
15
-1
5
112
22
5
6
-1
8
20
20
29
22
14
16
34
21
-1
47
-1
8
16
27
-1
30
-1
28
136
21
11
-1
4
78
4
26
50
14
22
52
43
38
17
9
19
-1
-1
-1
18
11
17
28
11
8
-1
10
11
18
49
61
20
-1
47
20
-1
-1
25
44
183
75
45
48
32
41
13
24
4
21
33
7
5
-1
56
16
16
-1
8
6
22
19
41
16
5
2
28
-1
29
18
17
16
12
-1
5
10
9
5
11
77
3
9
23
20
16
-1
-1
41
26
20
19
19
94
17
40
16
-1
36
5
-1
23
16
13
19
4
47
30
10
-1
10
-1
2
5
5
-1
57
-1
-1
9
-1
-1
28
-1
10
-1
55
20
21
10
28
5
69
8
22
19
-1
-1
74
10
71
11
13
-1
13
19
33
2
-1
5
-1
-1
-1
70
16
19
34
82
45
49
38
13
131
-1
45
45
107
50
149
116
3
2
19
4
3
6
11
2
31
35
16
108
7
-1
19
-1
-1
11
13
17
24
14
9
3
-1
-1
-1
122
139
11
16
11
36
20
14
61
16
24
-1
41
36
22
25
38
13
21
152
47
6
4
-1
69
51
17
68
31
16
19
37
31
132
24
-1
17
10
-1
23
10
14
12
195
9
35
-1
6
-1
-1
14
24
35
12
-1
76
16
24
-1
12
-1
-1
177
29
-1
13
17
8
234
81
10
6
5
5
6
64
31
14
48
37
41
-1
117
-1
6
10
14
19
-1
54
-1
10
-1
50
11
-1
2
-1
-1
14
45
35
-1
59
18
69
31
54
97
173
13
4
20
26
-1
5
24
23
12
14
4
8
-1
3
11
31
10
26
96
65
41
18
19
41
18
-1
5
-1
14
3
191
5
2
8
4
-1
5
6
10
32
33
12
14
13
17
17
6
-1
-1
-1
24
41
11
16
8
16
8
7
12
15
25
16
4
-1
12
7
77
16
11
20
31
7
26
12
7
16
8
15
-1
2
-1
-1
-1
12
-1
51
23
2
28
30
15
62
13
15
8
13
-1
-1
7
3
-1
5
145
13
23
19
6
10
7
15
17
10
39
-1
-1
-1
3
42
31
-1
-1
22
-1
9
7
-1
14
88
-1
1
33
21
4
7
17
-1
14
22
32
-1
8
1
8
6
-1
9
3
23
10
-1
12
-1
10
2
11
-1
15
27
5
11
17
42
-1
-1
10
11
13
5
44
-1
26
11
-1
42
124
64
2
19
3
6
9
26
19
17
8
33
-1
18
15
16
8
8
55
6
25
13
15
5
12
-1
-1
8
8
-1
-1
45
18
12
37
31
30
22
7
14
9
-1
18
8
19
16
21
16
21
-1
-1
24
26
18
17
26
-1
20
39
99
48
24
-1
18
50
11
12
18
8
68
37
17
16
2
7
-1
14
23
25
37
29
10
39
54
66
61
37
-1
3
12
8
31
8
13
-1
160
18
70
8
-1
9
40
38
11
29
7
17
-1
-1
14
2
152
15
4
9
23
11
9
5
6
7
3
3
-1
-1
-1
11
16
6
47
18
106
-1
2
12
21
6
5
3
5
7
9
14
14
4
50
4
-1
13
-1
156
-1
119
19
-1
8
5
-1
-1
-1
11
-1
-1
17
103
-1
3
246
80
71
-1
1
8
-1
12
-1
30
58
35
21
22
-1
35
-1
27
44
16
27
14
44
14
17
168
121
3
7
1
5
38
-1
1
58
10
14
63
2
1
7
-1
3
-1
64
-1
12
3
4
7
5
25
-1
42
14
24
22
4
-1
32
24
-1
87
3
9
15
15
20
48
27
69
10
28
1
16
-1
9
87
12
22
128
16
11
21
18
-1
22
13
10
62
3
-1
2
8
39
12
11
16
51
8
-1
19
7
12
25
12
-1
69
34
-1
20
19
21
6
6
56
12
21
10
12
14
52
321
16
4
12
8
3
132
20
-1
-1
12
-1
16
5
5
17
7
12
18
-1
44
-1
11
-1
21
3
2
2
-1
7
3
18
16
9
14
81
27
10
28
10
35
15
93
51
62
-1
133
28
4
6
-1
-1
27
12
3
-1
27
36
-1
32
82
-1
-1
21
99
92
-1
-1
112
19
127
7
13
23
5
9
7
-1
20
14
30
3
18
9
12
15
15
9
19
14
68
33
64
25
56
31
3
19
14
8
24
26
12
12
7
-1
9
50
12
16
7
53
45
63
10
84
76
65
4
33
13
6
9
17
40
10
46
65
17
10
10
47
17
5
11
41
16
15
31
-1
-1
-1
-1
4
7
14
-1
146
6
24
16
17
33
41
33
27
-1
-1
7
23
46
59
26
12
4
48
66
200
19
5
2
16
13
11
17
7
24
25
8
-1
-1
20
10
4
7
15
10
4
20
16
-1
14
6
2
-1
-1
3
10
26
26
38
15
-1
52
-1
-1
9
30
171
11
5
18
15
132
37
6
23
25
13
12
-1
43
22
47
19
6
30
-1
16
46
25
-1
9
-1
-1
16
70
5
269
6
5
37
28
28
15
18
19
30
37
22
23
26
11
2
34
57
-1
18
-1
16
-1
9
-1
-1
21
19
4
11
25
36
37
22
78
22
21
-1
15
5
-1
45
29
-1
11
27
8
16
11
-1
4
8
55
-1
19
15
139
52
-1
66
21
30
20
9
5
4
39
35
87
-1
-1
17
-1
186
13
3
-1
10
10
26
12
16
-1
6
-1
-1
-1
-1
5
13
37
15
3
-1
216
6
61
65
-1
-1
4
-1
6
16
20
17
23
21
22
-1
-1
-1
10
7
6
-1
9
-1
29
7
-1
-1
6
5
4
-1
10
-1
-1
51
17
5
39
27
33
2
6
12
14
-1
141
-1
-1
15
-1
9
10
2
-1
-1
2
24
3
67
17
14
35
-1
13
-1
18
28
10
16
-1
9
-1
-1
6
7
18
4
14
8
15
3
68
14
21
90
8
21
36
18
4
102
-1
-1
15
63
-1
6
46
1
17
9
5
-1
15
24
25
48
18
12
-1
120
81
43
49
26
18
35
43
34
2
48
20
62
-1
5
-1
-1
9
19
102
22
-1
30
7
-1
36
8
52
49
99
7
7
20
106
26
12
53
5
12
4
6
-1
9
33
44
12
29
14
27
65
14
24
12
-1
7
3
18
11
-1
409
29
96
31
-1
-1
7
7
4
40
7
10
3
22
-1
4
-1
4
-1
-1
-1
15
47
167
27
27
6
-1
3
3
-1
3
-1
12
22
8
192
10
-1
15
5
10
-1
-1
24
-1
18
12
13
65
24
-1
3
-1
-1
23
9
7
14
16
20
19
16
28
51
137
12
15
-1
5
47
3
3
2
1
8
5
-1
-1
15
29
36
60
39
36
37
37
10
19
11
15
-1
10
15
66
40
4
1
-1
7
13
28
22
24
16
21
24
61
17
75
19
-1
-1
6
9
-1
18
13
10
3
34
9
2
-1
-1
12
21
58
27
19
17
4
-1
83
13
26
20
24
37
39
19
-1
-1
95
68
11
66
8
8
10
25
14
42
25
2
8
11
12
22
21
15
31
14
9
46
25
13
-1
10
5
61
17
-1
4
80
68
29
31
148
16
30
20
15
18
18
140
15
-1
-1
12
21
-1
11
88
-1
13
8
6
6
17
29
57
132
15
23
14
-1
-1
3
89
117
13
16
4
10
5
24
102
38
-1
4
8
19
-1
21
22
39
18
39
26
28
9
31
77
-1
15
12
10
31
6
79
14
6
-1
3
-1
6
13
-1
11
21
34
134
18
9
20
11
-1
21
-1
14
48
29
10
42
-1
16
15
-1
12
16
-1
18
14
33
26
25
-1
25
-1
-1
17
33
49
12
37
19
3
-1
8
1
13
-1
8
2
153
15
8
14
24
9
31
6
4
42
19
28
10
9
22
28
25
22
96
66
4
2
25
20
15
17
9
-1
22
33
-1
-1
-1
35
4
8
4
18
10
-1
11
8
13
-1
26
-1
27
2
6
19
46
-1
60
53
11
36
-1
9
4
18
-1
9
1
218
14
14
14
32
3
9
9
4
-1
21
25
15
-1
-1
14
-1
-1
-1
17
9
10
20
12
15
12
9
28
5
3
28
9
10
7
5
22
-1
10
3
-1
20
-1
25
15
8
24
68
-1
14
51
146
195
42
2
-1
-1
17
7
45
51
61
22
44
3
17
3
15
15
1
-1
7
11
5
10
9
2
-1
12
77
30
144
80
15
-1
-1
47
-1
135
34
36
-1
76
66
3
39
21
9
36
3
1
-1
17
27
19
5
24
35
5
-1
-1
-1
-1
19
76
11
13
59
16
5
16
9
32
180
-1
2
5
12
18
7
40
28
12
18
77
13
-1
9
9
79
-1
19
45
9
14
-1
93
206
8
60
11
-1
14
-1
45
16
10
24
17
11
-1
-1
15
6
6
-1
17
22
11
-1
9
39
28
5
7
-1
9
17
-1
-1
19
34
14
83
112
25
16
-1
-1
139
31
14
39
33
137
9
39
4
2
-1
2
-1
21
-1
8
14
19
79
95
13
5
11
13
-1
13
-1
-1
7
66
-1
171
22
6
7
-1
-1
-1
-1
10
-1
11
23
3
16
5
5
9
-1
-1
22
-1
7
6
-1
15
7
5
6
11
-1
24
15
19
14
14
10
-1
-1
24
-1
18
7
24
34
29
94
16
6
7
41
5
116
11
4
21
28
26
6
-1
19
-1
49
17
15
-1
9
7
279
27
28
26
60
-1
7
7
2
-1
-1
16
19
51
17
12
-1
22
18
-1
11
-1
12
13
11
12
5
18
8
193
34
-1
-1
2
25
8
27
30
48
106
36
32
21
34
-1
9
27
-1
-1
12
9
23
-1
98
24
5
30
-1
6
11
12
-1
30
1
-1
12
-1
-1
-1
11
-1
-1
5
52
-1
-1
43
6
140
3
-1
22
38
12
17
17
34
51
-1
20
40
28
6
11
14
10
20
218
59
33
109
9
4
2
8
3
4
-1
23
26
19
19
51
12
50
20
-1
82
66
-1
44
63
4
21
5
18
-1
55
73
158
54
57
46
5
-1
25
5
17
2
13
-1
1
64
4
5
9
-1
6
31
8
9
21
5
-1
23
32
20
26
4
39
4
-1
13
30
6
4
7
32
33
1
22
41
10
53
113
3
-1
4
11
6
-1
36
-1
15
24
-1
-1
13
-1
10
11
15
-1
-1
-1
-1
5
20
121
8
-1
-1
19
9
18
16
17
22
-1
-1
8
-1
-1
-1
19
41
12
16
-1
-1
9
17
2
11
-1
-1
4
6
15
17
15
-1
66
82
-1
18
22
7
-1
-1
9
7
3
11
10
33
9
-1
10
-1
7
16
23
10
28
17
13
-1
18
26
36
29
5
10
-1
95
35
8
37
32
7
6
7
-1
53
7
11
5
9
11
14
16
14
33
18
11
50
21
295
4
34
16
15
-1
33
-1
-1
17
10
99
30
18
6
9
15
-1
37
18
-1
9
-1
54
-1
-1
23
31
-1
12
6
13
69
7
16
32
17
25
2
21
112
30
14
20
13
9
10
5
9
-1
17
30
7
35
2
3
2
8
7
101
19
17
-1
18
10
-1
5
-1
15
11
2
46
13
5
11
5
38
37
43
2
3
4
7
9
44
14
-1
9
6
-1
14
4
-1
5
2
-1
-1
-1
10
-1
27
-1
1
-1
6
-1
18
-1
11
26
11
5
32
-1
5
-1
84
-1
11
3
-1
-1
21
133
-1
11
9
3
21
4
9
18
20
70
43
16
20
25
24
8
3
11
9
11
-1
-1
-1
14
-1
57
8
4
3
1
2
9
-1
15
28
19
25
84
14
1
3
-1
-1
14
-1
45
19
13
9
-1
3
-1
6
-1
15
28
36
17
-1
22
44
-1
6
3
5
26
-1
15
10
-1
95
7
17
14
-1
4
12
14
13
29
57
76
-1
5
14
19
8
10
6
8
28
5
-1
10
24
-1
13
-1
6
17
3
20
13
11
16
42
10
80
13
-1
-1
18
14
5
7
8
-1
-1
-1
14
230
19
9
7
5
-1
14
-1
20
12
11
14
21
-1
-1
-1
-1
17
-1
-1
-1
-1
12
9
-1
92
4
16
5
-1
4
64
12
16
-1
-1
8
-1
-1
-1
15
12
13
-1
-1
-1
-1
9
28
-1
10
9
8
-1
-1
5
12
45
-1
55
36
15
-1
12
8
32
11
-1
-1
4
3
12
10
-1
24
11
3
10
-1
10
7
18
14
35
88
19
-1
1
-1
6
16
-1
10
31
5
3
10
2
7
75
11
18
20
196
19
74
11
-1
22
16
35
-1
-1
-1
4
17
11
27
43
6
6
20
12
18
-1
29
43
40
20
10
23
16
19
41
22
-1
27
5
65
4
21
-1
13
7
-1
11
2
-1
-1
33
16
-1
28
19
-1
-1
2
-1
-1
-1
-1
17
9
-1
5
-1
5
10
7
143
5
1
9
-1
20
17
20
29
-1
24
13
33
20
-1
-1
10
75
19
-1
-1
33
-1
9
266
6
-1
7
6
3
11
12
16
29
12
5
17
-1
-1
8
29
49
4
10
21
324
11
33
75
5
5
12
9
18
-1
14
14
-1
13
14
-1
-1
-1
10
-1
32
-1
6
-1
7
-1
21
7
50
-1
10
-1
8
-1
10
11
8
-1
-1
-1
1
-1
4
31
21
-1
24
9
6
4
6
-1
-1
66
-1
23
8
9
30
2
-1
11
8
19
21
-1
-1
6
29
-1
3
17
-1
-1
-1
5
-1
6
70
11
9
48
18
20
-1
4
16
13
8
10
-1
26
-1
3
8
24
-1
48
-1
-1
82
5
3
-1
5
18
3
26
-1
6
15
-1
18
7
15
10
34
124
11
22
9
15
101
10
2
-1
7
-1
16
9
16
67
-1
55
26
-1
14
46
-1
37
7
10
-1
-1
-1
105
46
14
17
2
4
2
11
6
13
-1
24
5
-1
26
-1
-1
10
-1
-1
14
11
-1
66
22
62
58
20
-1
2
19
4
10
-1
33
-1
39
-1
-1
9
6
83
7
11
15
183
16
230
36
15
13
20
2
-1
15
19
12
8
15
56
32
42
25
10
1
-1
20
-1
10
39
29
13
58
16
5
-1
13
58
15
142
20
12
4
13
-1
6
-1
12
10
-1
33
15
25
2
11
10
19
-1
3
10
2
14
44
17
21
28
2
-1
17
15
-1
-1
-1
43
26
69
10
2
8
20
19
-1
8
20
-1
22
-1
42
43
30
46
22
11
3
-1
-1
-1
67
8
92
-1
-1
-1
79
23
121
57
2
12
1
2
7
17
38
36
-1
24
57
35
-1
19
8
11
29
-1
18
15
13
14
327
16
6
2
2
2
-1
9
11
55
23
17
12
14
17
43
13
27
86
83
17
12
-1
-1
63
10
88
5
7
14
3
11
11
99
18
17
17
33
14
14
9
37
12
5
8
-1
9
18
117
18
45
4
21
9
4
12
-1
14
43
27
32
20
19
15
17
103
29
8
15
8
11
11
6
-1
6
4
19
-1
47
60
32
51
8
46
3
-1
13
7
15
23
22
14
45
21
19
9
22
16
-1
11
7
11
21
14
18
42
26
27
23
27
20
7
12
7
-1
6
-1
5
68
65
37
12
34
4
2
-1
-1
17
16
14
-1
32
22
-1
24
-1
10
69
68
8
-1
32
18
-1
12
17
46
-1
2
31
21
7
15
29
9
28
76
-1
7
-1
4
22
-1
-1
12
30
13
29
14
83
9
7
-1
6
53
-1
-1
25
13
3
21
15
-1
13
73
168
11
43
-1
6
47
8
51
149
-1
6
1
-1
3
5
17
29
-1
63
11
-1
15
13
6
7
46
15
-1
10
-1
51
8
3
34
6
7
26
15
4
24
-1
18
13
24
-1
2
-1
9
9
-1
-1
16
-1
14
70
5
2
-1
37
21
89
-1
45
21
9
2
22
10
7
5
1
15
12
18
47
19
27
12
10
35
46
-1
5
9
-1
23
16
19
21
2
-1
8
2
15
7
5
11
6
-1
-1
10
-1
-1
13
8
11
5
7
18
-1
4
30
25
-1
6
11
28
-1
-1
15
146
13
181
51
6
-1
-1
9
127
5
-1
-1
5
5
31
11
-1
5
16
18
-1
21
9
4
4
13
-1
15
12
7
50
-1
23
5
-1
29
-1
5
10
8
46
20
22
17
14
-1
9
24
127
9
23
51
16
6
10
63
8
2
4
45
2
29
29
22
66
19
47
65
-1
179
15
13
-1
-1
29
32
60
35
-1
14
46
46
13
1
17
-1
-1
48
72
21
28
26
116
27
-1
11
8
14
20
-1
11
129
11
4
9
33
5
31
39
21
27
20
21
-1
13
6
16
30
10
4
9
13
-1
13
14
81
71
8
-1
-1
3
57
-1
21
25
41
51
-1
16
33
34
24
26
10
11
9
-1
47
11
13
12
15
27
15
4
-1
-1
105
7
23
11
5
21
116
60
47
9
12
90
-1
11
-1
20
81
5
13
12
21
29
-1
33
4
-1
33
21
47
21
19
-1
28
35
8
10
42
60
-1
-1
60
429
257
344
110
-1
3
4
15
9
17
19
46
15
10
-1
-1
19
14
-1
19
28
40
6
64
152
13
11
7
-1
5
12
16
8
40
-1
43
10
24
93
58
15
11
68
174
7
27
4
16
54
330
215
98
8
10
3
9
13
13
10
3
46
13
61
21
-1
5
31
-1
-1
19
-1
56
3
13
3
-1
-1
5
27
-1
22
10
30
4
14
44
96
20
13
9
47
14
17
112
29
58
17
29
30
6
15
-1
-1
19
29
38
11
9
34
-1
17
-1
7
8
49
18
7
15
22
18
277
-1
8
140
4
-1
4
19
-1
28
19
31
6
12
26
-1
-1
105
222
11
94
18
81
44
20
471
160
8
11
-1
17
3
8
56
17
13
23
5
-1
-1
11
8
196
91
-1
-1
11
9
53
8
124
9
2
-1
5
11
-1
75
79
16
-1
-1
19
-1
18
19
-1
-1
5
15
23
98
23
16
114
7
9
21
16
3
2
14
22
104
70
85
35
32
-1
34
46
14
15
29
88
64
25
62
-1
-1
1
-1
7
-1
18
17
28
57
36
27
13
30
-1
10
16
-1
5
-1
30
13
-1
19
36
-1
-1
7
21
-1
19
112
57
11
16
20
58
22
-1
-1
8
-1
-1
10
88
9
61
5
4
2
20
6
62
142
-1
23
14
16
29
10
11
10
42
47
24
6
11
-1
76
107
-1
11
5
6
22
12
81
9
24
11
19
-1
14
17
17
-1
-1
30
30
21
34
31
67
27
-1
8
79
51
7
14
7
-1
7
8
17
11
21
12
23
12
11
10
-1
24
17
-1
8
16
8
82
9
6
18
7
5
16
23
17
-1
21
14
8
14
-1
13
23
8
152
119
-1
45
19
26
65
-1
6
3
-1
5
64
23
47
26
15
23
39
11
52
33
134
207
112
7
110
82
15
122
140
9
46
3
1
27
21
-1
9
43
48
89
48
17
10
-1
12
18
8
11
-1
20
38
51
18
16
7
23
20
-1
20
134
55
12
-1
4
15
27
2
7
-1
5
5
14
29
-1
86
69
21
7
-1
7
10
-1
12
8
89
28
8
5
-1
-1
22
16
25
67
18
23
19
184
91
151
315
8
-1
-1
4
54
21
7
20
21
9
10
11
-1
14
38
13
8
38
99
302
12
51
63
60
6
45
6
-1
-1
2
13
22
5
8
27
51
-1
11
-1
11
7
10
10
86
7
74
48
16
10
-1
20
-1
24
8
-1
1
20
-1
16
5
13
-1
19
13
5
71
34
-1
11
6
-1
12
57
-1
16
2
2
-1
22
2
24
14
82
17
25
13
41
8
105
163
16
10
5
34
-1
180
12
48
2
25
-1
26
24
3
37
38
14
60
10
-1
-1
16
14
14
-1
-1
23
23
17
7
-1
2
34
24
-1
20
272
13
18
-1
9
70
43
15
9
6
14
16
-1
19
41
46
54
2
-1
3
-1
7
7
-1
16
16
15
14
15
10
13
32
7
22
37
60
15
117
18
131
104
15
52
49
16
-1
-1
-1
37
-1
-1
-1
41
25
21
-1
23
9
17
36
-1
-1
122
31
102
79
16
41
57
6
-1
63
8
30
-1
28
15
18
-1
-1
15
15
-1
124
9
24
11
179
223
139
-1
26
-1
3
-1
-1
-1
-1
37
-1
13
-1
42
-1
15
67
148
128
-1
18
3
260
206
34
153
12
-1
-1
3
5
30
16
-1
14
15
27
37
30
12
6
108
83
45
17
66
101
2
107
105
16
1
12
-1
29
8
-1
-1
14
60
83
44
75
-1
15
32
15
10
27
14
12
2
-1
18
-1
-1
4
11
37
74
-1
30
-1
-1
36
-1
-1
7
-1
5
10
-1
13
9
31
15
47
2
5
13
8
76
10
13
21
11
6
33
8
9
4
8
33
7
8
3
2
-1
26
-1
-1
12
4
7
-1
-1
-1
29
10
29
-1
19
3
-1
-1
-1
6
-1
5
5
-1
-1
-1
61
173
-1
1
7
-1
-1
3
3
8
2
13
24
51
32
12
27
7
-1
9
28
14
16
160
442
253
107
42
-1
7
-1
2
7
5
13
9
13
44
108
30
3
21
12
26
4
108
12
4
11
-1
44
7
7
5
3
3
21
4
109
13
25
9
48
138
48
11
10
15
93
23
336
28
51
78
97
29
5
18
2
-1
-1
8
-1
-1
62
11
87
101
26
10
68
50
14
35
-1
-1
4
7
85
17
29
9
17
60
26
10
15
20
-1
26
74
30
25
10
114
7
-1
16
44
62
53
76
3
4
39
18
44
91
27
20
21
-1
37
14
-1
9
48
10
11
19
-1
-1
-1
30
13
37
145
3
-1
9
18
5
27
14
17
107
13
18
27
37
32
12
-1
41
92
306
100
96
408
189
12
2
2
-1
-1
-1
-1
15
16
20
6
35
9
-1
116
11
81
138
-1
8
9
22
92
192
184
9
17
15
2
6
12
6
11
16
14
21
138
71
11
22
-1
13
7
145
50
8
33
18
110
59
75
4
-1
4
-1
7
6
5
45
35
18
11
23
72
13
26
54
16
21
113
7
8
-1
8
53
11
-1
8
41
22
39
22
28
23
18
26
12
17
-1
-1
8
13
7
50
15
6
-1
-1
7
19
1
6
8
40
15
-1
11
24
33
5
9
15
-1
12
-1
-1
28
-1
24
11
57
7
30
19
25
5
12
5
-1
8
12
9
6
-1
18
6
4
13
9
-1
92
23
4
86
14
-1
-1
50
7
-1
7
111
13
46
17
21
26
23
6
12
9
19
103
15
29
10
-1
18
82
9
9
5
-1
36
4
12
41
23
60
7
-1
13
-1
-1
-1
9
77
-1
22
4
72
-1
171
-1
2
4
-1
-1
5
-1
17
15
11
13
29
47
33
10
32
13
19
7
14
4
19
-1
92
4
2
2
13
5
13
7
-1
27
14
14
43
14
-1
68
14
243
14
15
34
8
37
87
78
10
-1
-1
9
6
62
44
22
26
13
18
46
30
-1
29
13
-1
-1
11
-1
9
9
12
14
23
19
7
11
13
45
27
18
14
8
17
-1
10
11
-1
25
2
-1
-1
25
-1
6
17
5
-1
-1
51
10
75
39
81
21
-1
-1
-1
21
28
19
34
32
188
10
49
14
11
18
131
116
-1
18
12
-1
67
15
14
70
9
13
8
27
17
-1
8
20
19
20
9
112
76
16
17
261
1
9
-1
3
5
4
-1
41
-1
17
13
15
-1
21
15
51
9
-1
-1
14
70
186
17
57
4
15
12
-1
14
17
13
-1
34
41
28
110
-1
12
214
11
-1
9
46
29
43
5
39
22
-1
3
16
7
15
16
23
-1
16
15
12
23
19
7
15
43
-1
30
3
23
10
10
10
36
15
6
19
4
28
63
6
-1
6
-1
6
11
28
4
9
43
8
11
3
1
4
3
3
2
1
-1
3
10
-1
4
-1
1
14
11
15
8
14
-1
15
6
16
7
-1
7
2
7
4
-1
-1
19
18
-1
-1
7
