790
1542
1646
1880
2293
2568
2894
3330
3503
3600
3975
4250
4519
5391
6067
7146
8365
8883
9541
11685
11748
12138
12711
13459
13721
13792
14121
14158
14352
14370
14725
14893
15445
16062
16390
16394
16434
17178
17400
17854
18566
18638
18639
19156
19183
19189
20148
20452
21972
22173
22804
22866
22874
22907
22989
23207
23873
23932
24599
24874
25624
26823
27379
27388
27396
28721
30519
30837
31197
31327
32119
32877
33526
33632
33975
34087
34711
34771
35503
35814
35889
36810
37687
38278
39366
39964
40112
40114
40166
40457
40861
41378
42170
42573
43913
43992
43995
44108
44374
44774
45037
45060
45380
45481
45939
46290
46307
47081
47265
47367
47436
47763
47822
47836
48515
48682
49570
49583
50410
50450
50473
50497
50596
50608
51522
51691
52010
52246
52296
52550
52769
52771
53076
53106
53270
53332
53600
53683
53689
53694
53948
54028
54434
54695
54860
55093
55174
55303
55837
56618
56751
56764
56968
57773
57969
58510
60034
60357
60383
60994
61233
61897
62129
62245
62387
62539
62615
63308
63336
63356
63387
63465
63784
63799
64201
64290
64322
64352
64448
64618
64653
64710
64838
64857
64858
64863
64958
65064
65131
65152
65310
65339
65365
65550
65675
65782
65795
65823
65987
66114
66327
66501
66559
66596
66725
66856
66988
67089
67296
67360
67749
67919
68078
68094
68400
68880
69579
69682
69838
69955
69957
70241
70525
70714
70790
70804
70861
70969
70993
71007
71011
71288
71316
71351
71534
71732
71759
71819
71849
72001
72251
73116
73141
73248
73520
73620
73774
74020
74050
74356
74395
74411
74516
74724
74764
74826
74941
75017
75119
75511
75785
75801
76403
76774
76786
76901
77294
77390
77468
77597
77607
77696
77804
78097
78182
78195
78273
78301
78436
78539
78560
78941
79229
79240
79304
79689
79714
79837
79892
79895
79924
80067
80246
80536
80578
80633
80711
80764
80895
80964
81024
81123
81196
81624
81685
81813
81949
81975
82206
82245
82411
82582
82803
82849
83329
83839
83941
83964
83983
83985
84049
84175
84567
84774
84993
85062
85136
85170
85360
85361
85471
85830
86041
86127
86459
86584
86618
86630
86969
87021
87264
87893
88033
88240
88371
88393
88429
88976
89046
89432
89486
89548
89565
89752
89782
89868
90200
90553
90587
90874
90887
90942
91576
91722
91741
92907
93421
93780
93793
93830
93857
93863
93895
93940
93984
94011
94083
94094
94296
94310
94336
94348
94454
94457
94459
94491
94498
94526
94570
94617
94618
94619
94631
94792
95039
95051
95052
95097
95135
95151
95167
95179
95283
95301
95561
95630
95631
95730
95746
95798
95823
96140
96252
96284
96348
96350
96407
96444
96503
96513
96896
97023
97082
97118
97225
97230
97273
97280
97345
97483
97489
97535
97573
98163
98200
98569
98623
98639
98674
98703
98777
98885
98955
98965
99151
99259
99261
99340
99429
99569
99593
99624
99692
99839
99872
99895
99967
100090
100195
100210
100756
100888
100960
101010
101043
101105
101214
101291
101308
101444
101457
101480
101573
101609
101726
101800
101821
101953
102073
102325
102371
102423
102469
102503
102818
102871
102918
103025
103483
103648
103789
103931
103991
104115
104454
104469
104649
104807
104814
104879
105255
105462
105506
106029
106416
106594
107414
107534
107960
107986
108047
108087
108090
108115
108179
108189
108331
108421
108466
108579
108583
108608
108798
108878
108933
108971
109031
109034
109085
109124
109251
109267
109303
109307
109320
109331
109427
109509
109525
109530
109642
109680
109701
109738
109758
109823
109839
109965
109973
109987
110001
110007
110070
110104
110153
110202
110302
110331
110384
110488
110491
110601
110648
110655
110818
110821
110882
110909
110939
110958
110964
110978
111015
111025
111086
111223
111336
111431
111570
111578
111923
111977
112105
112248
112474
112571
112705
112779
112808
112848
113053
113092
113109
113131
113151
113192
113246
113323
113347
113372
113397
113552
113585
113660
113669
113672
113688
113817
113849
113851
113890
113925
113932
113964
113998
114000
114053
114089
114117
114135
114151
114213
114248
114272
114329
114342
114404
114441
114447
114448
114485
114491
114526
114542
114554
114556
114564
114622
114625
114694
114707
114729
114803
114957
114958
115092
115129
115149
115161
115268
115272
115431
115533
115552
115576
115610
115812
115815
115827
115893
116102
116107
116220
116253
116331
116345
116447
116457
116619
116696
116699
116727
116771
116850
116908
116915
116948
116966
116999
117080
117100
117116
117121
117162
117315
117318
117342
117355
117380
117531
117625
117653
117874
118160
118249
118330
118461
118482
118489
118632
118725
118793
118823
118868
118908
118980
118981
118983
119037
119052
119079
119161
119207
119261
119269
119305
119350
119358
119405
119503
119532
119567
119650
119668
119734
119746
119846
119863
119985
120028
120383
120548
120554
120593
120635
120834
120864
121161
121181
121259
121461
121498
121648
121674
121751
121957
121969
122067
122259
122406
122564
122657
122674
122712
122744
122778
123141
123372
123651
123683
123718
123746
123868
124015
124067
124613
124741
124776
124988
125015
125028
125165
125197
125260
125299
125319
125536
125597
125620
125627
125769
125811
125902
125920
125968
126019
126049
126290
126295
126349
126487
126643
126818
127431
127677
127691
127777
127797
127904
127935
127944
127958
128008
128017
128054
128075
128094
128120
128137
128142
128182
128191
128264
128402
128403
128424
128436
128464
128521
128523
128526
128582
128592
128605
128660
128707
128875
128955
128990
128994
129057
129446
129541
129575
129595
129605
129616
129627
129649
129726
129823
129885
129918
129925
129935
130059
130068
130140
130157
130182
130200
130227
130237
130247
130313
130329
130341
130358
130360
130381
130426
130461
130467
130509
130545
130552
130555
130662
130663
130672
130703
130708
130750
130800
130881
130920
130930
131022
131054
131141
131143
131439
131454
131463
131537
131634
131637
131640
131659
131674
131807
131813
131826
131936
131959
131980
131997
132016
132029
132123
132174
132210
132243
132268
132279
132296
132319
132323
132329
132336
132358
132373
132458
132468
132491
132533
132547
132604
132620
132670
132680
132688
132782
132898
132931
132943
133000
133118
133150
133182
133187
133497
133533
133556
133588
133690
133946
134034
134048
134231
134384
134421
134729
134806
135351
135384
135909
136288
136422
136740
136804
138194
138938
139067
139228
139287
139369
139545
139567
139839
140424
140543
140563
140581
140988
141117
141312
141556
141596
141704
141781
141903
142011
142081
142195
142234
142236
142285
142376
142446
142519
142560
142568
142672
142713
142778
142821
142862
142904
142981
142996
143233
143242
143343
143471
143730
143793
143823
143833
143854
143872
143876
143932
144056
144144
144255
144367
144400
144402
144497
144530
144579
144970
145136
145265
145373
145374
145566
145658
145666
146133
146185
146257
146288
146322
146342
146356
146387
146448
146462
146531
146570
146600
146626
146654
146666
146798
146822
146841
146857
146885
146916
147029
147204
147264
147286
147370
147437
147634
147661
147707
147779
147850
147859
147861
147874
147946
148053
148114
148159
148290
148300
148334
148354
148370
148385
148442
148462
148603
148683
148713
148788
148792
148872
148875
148904
148928
148948
148973
148978
148987
149058
149095
149201
149207
149294
149296
149324
149356
149376
149382
149421
149683
149781
149817
149844
150027
150145
150148
150268
150301
150322
150334
150453
150631
150665
150839
150850
150883
150962
151089
151138
151153
151193
151263
151401
151561
151659
151687
151769
151846
151910
152313
152324
152389
152434
152471
152575
152576
152649
152681
152709
152722
152731
152734
152746
152768
152992
153123
153127
153148
153175
153222
153240
153254
153261
153307
153342
153391
153520
153527
153536
153969
154133
154143
154456
154589
154606
154744
154762
154941
154974
155014
155520
155568
155881
156107
156326
156562
156998
157101
157129
157130
157148
157220
157282
157286
157329
157414
157498
157617
157742
157784
157834
157847
158018
158042
158056
158125
158275
158439
158569
158630
158634
158697
158708
158710
158767
158808
158929
158972
159047
159103
159317
159427
159538
159548
159572
159584
159718
159763
159806
160010
160080
160101
160237
160262
160328
160332
160403
160419
160426
160475
160494
160509
160588
160621
160642
160668
160678
160686
160710
160775
160783
160892
160975
161015
161028
161088
161124
161164
161318
161371
161390
161401
161416
161463
161476
161481
161494
161542
161549
161555
161556
161559
161561
161579
161597
161602
161615
161684
161687
161716
161723
161904
161927
161928
161931
161953
161996
162012
162048
162087
162151
162161
162171
162172
162282
162306
162344
162355
162467
162492
162494
162552
162582
162593
162614
162641
162652
162665
162694
162758
162878
162884
162887
162903
162919
162933
162934
162938
162978
163180
163202
163218
163550
163792
163868
163872
163902
163921
163933
163940
164203
164264
164310
164388
164399
164550
164579
164580
164631
164645
164659
164668
164691
164699
164712
164719
164741
164752
164764
164774
164794
164803
164826
164852
164880
164893
164994
165012
165013
165095
165234
165253
165277
165632
165669
165733
165789
165891
165912
165969
166270
166352
166355
166366
166386
166535
166790
166791
166833
166841
167122
167125
167212
167245
167364
167368
167468
167520
167612
168004
168080
168081
168200
168227
168305
168334
168345
168351
168358
168369
168434
168454
168486
168497
168525
168533
168551
168570
168582
168599
168638
168645
168649
168659
168687
168700
168733
168736
168738
168842
168863
168908
168913
168921
168980
168992
169009
169017
169025
169151
169414
169423
169497
169542
169586
169640
169654
169655
169763
169767
169790
169817
169975
170063
170102
170154
170171
170205
170233
170241
170254
170258
170274
170313
170335
170347
170356
170358
170377
170424
170450
170474
170504
170522
170528
170532
170543
170573
170589
170595
170597
170612
170633
170654
170670
170768
170847
171012
171088
171209
171352
171528
171622
171725
171748
171906
171927
172009
172013
172033
172042
172059
172099
172185
172190
172249
172270
172277
172332
172378
172432
172547
172581
172740
172813
172930
172978
173005
173028
173352
173450
173615
173634
173671
173695
173748
173800
173822
173841
173901
173902
173919
173952
173956
173974
173987
174035
174159
174176
174194
174252
174253
174311
174353
174362
174388
174394
174398
174627
174632
174748
174994
175097
175164
175257
175402
175439
175542
175556
175581
175594
175595
175829
175856
175879
175886
176186
176211
176318
176325
176327
176329
176338
176348
176360
176403
176421
176423
176425
176434
176647
176707
176867
176877
176948
177240
177324
177447
177498
177560
177561
177897
177927
177939
177950
177962
178085
178088
178403
178414
178487
178543
178551
178819
179288
179300
179386
179493
179495
179505
179559
179796
179797
180050
180140
180307
180438
180493
180504
180534
180539
180542
180574
180680
180828
181089
181163
181188
181238
181410
181744
181841
181890
181965
181983
182086
182104
182172
182192
182307
182351
182365
182405
182410
182544
182559
182610
182785
183070
183283
183528
183612
183632
183937
184161
184232
184311
184338
184418
184450
184476
184697
184747
184817
184845
184862
184863
184900
185214
185259
185277
185308
185329
185409
185428
185547
185553
185560
185588
185617
185637
185661
185693
185794
185797
185869
185903
186026
186070
186134
186145
186166
186185
186463
186882
187032
187049
187074
187093
187114
187130
187203
187325
187327
187332
187356
187375
187442
187599
187632
187649
187758
187761
187780
187795
187965
188053
188105
188113
188173
188174
188274
188320
188335
188385
188410
188429
188541
188557
188661
188778
188787
188851
188895
188965
188966
189011
189085
189121
189229
189469
189491
189555
189634
189741
189755
189944
190150
190188
190431
190734
190749
190762
190792
190811
190823
190827
190835
190936
190990
191076
191205
191350
191427
191433
191450
191523
191545
191551
191556
191565
191570
191668
191754
191875
191935
191949
191968
192012
192042
192129
192214
192264
192267
192311
192419
192469
192470
192521
192649
192652
192693
192750
192769
192784
192801
192806
192815
192831
192941
192944
192987
193019
193034
193060
193070
193096
193122
193140
193150
193158
193162
193186
193206
193207
193231
193257
193287
193312
193373
193462
193490
193506
193522
193574
193590
193610
193698
193714
193730
193831
193836
193846
193953
193988
193995
194014
194051
194123
194207
194258
194338
194362
194364
194424
194471
194472
194489
194491
194520
194589
194656
194671
194674
194685
194714
194718
194726
194743
194760
194771
194781
194792
194811
194820
194824
194829
194848
194862
194871
194873
194881
194887
194888
194902
194912
194930
194946
194966
194986
194998
195000
195002
195020
195051
195073
195085
195106
195115
195125
195135
195150
195190
195196
195213
195238
195239
195264
195306
195311
195315
195327
195358
195378
195391
195396
195424
195428
195433
195438
195442
195477
195488
195499
195510
195566
195569
195574
195594
195605
195655
195657
195669
195675
195682
195696
195706
195711
195739
195819
195966
195990
196005
196053
196059
196449
196481
196522
196602
196653
196681
196686
196706
196728
196732
196794
196812
196937
197120
197171
197264
197359
197387
197396
197725
197741
197744
197758
197998
198186
198188
198196
198499
198518
198674
198692
199162
199202
199249
199293
199339
199572
200291
200716
200881
200912
200936
200991
201095
201140
201306
201480
201524
201676
201943
202168
202185
202304
202367
202472
202712
202717
203053
203066
203072
203078
203091
203126
203330
203363
203468
203482
203555
203608
203640
203649
203715
203749
203779
203856
203884
203945
203960
204000
204019
204029
204051
204064
204078
204091
204103
204114
204128
204143
204148
204151
204202
204220
204234
204235
204250
204257
204271
204286
204313
204326
204351
204365
204395
204412
204424
204457
204489
204524
204551
204575
204605
204778
204779
204797
204805
204842
204850
204890
204896
204905
204922
204937
204973
204987
205083
205126
205210
205275
205310
205378
205498
205508
205546
205608
205628
205633
205660
205760
205859
205926
205976
206046
206131
206324
206343
206359
206374
206413
206441
206452
206472
206486
206510
206520
206530
206540
206543
206561
206577
206580
206589
206594
206596
206604
206615
206628
206642
206645
206659
206667
206668
206707
206726
206730
206769
206803
206823
206825
206838
206865
206887
207055
207060
207071
207156
207203
207246
207267
207297
207382
207454
207518
207698
207710
207780
207807
207893
207902
207995
207999
208063
208086
208322
208352
208392
208552
208617
208678
208855
208905
209218
209433
209446
209505
209849
209952
210270
210301
210319
210664
210766
211184
211886
211922
212078
212158
212292
212813
213028
213827
214486
214500
214807
214810
215049
215946
218361
218813
220082
220102
220103
220961
221909
222095
222253
222266
222395
222739
223010
223147
223175
223467
223482
223783
224299
224517
224596
224738
224768
225007
225190
225470
225530
225639
226183
226286
226470
226583
226621
226674
226739
226885
226916
226938
227098
227519
227695
227830
227967
228635
229377
229379
229519
230132
230537
230829
230875
231094
231241
232139
232986
233291
234331
235641
236047
236533
236751
236766
236889
236894
237003
237052
237194
237353
237376
237377
237508
237832
237837
237879
237965
238060
238067
238078
238200
238433
238663
238962
239034
239162
239198
239297
239718
239875
239917
239990
240303
241053
241410
241533
241648
241995
242097
242298
243086
243175
243343
243350
243739
244181
244193
244245
244294
244433
244729
244869
246034
246128
246693
246822
246963
247358
247461
247482
247757
248067
248531
248794
249219
249334
249389
249964
250028
250043
250330
250843
252401
252900
253777
254439
254795
255301
255942
256061
256119
256816
256953
257045
257094
257200
257376
257515
257621
257676
257803
257952
258277
258494
258561
259225
259250
259766
259906
