nan
454.627
418.449
144.499
278.495
nan
nan
89.9821
223.259
211.506
247.77
107.081
nan
58.2461
62.8593
77.9493
nan
60.3141
95.7294
62.5113
77.3146
94.3204
126.217
59.3149
138.307
552.694
178.429
nan
nan
181.038
nan
nan
204.605
nan
nan
nan
165.63
nan
nan
nan
94.8961
79.9942
13.2928
88.4897
42.254
78.7552
75.6482
103.009
135.249
368.244
306.056
82.6509
nan
362.354
nan
nan
nan
nan
384.263
257.622
nan
115.278
120.526
nan
30.216
57.4208
88.9014
26.6473
nan
nan
127.399
79.2945
127.491
nan
206.487
87.9143
nan
nan
273.308
260.252
251.298
187.247
523.099
nan
nan
145.78
nan
131.882
160.978
22.2809
nan
45.1223
nan
53.2059
74.8522
86.8596
113.189
112.204
227.142
nan
nan
522.635
nan
nan
nan
290.052
389.706
146.332
170.504
nan
107.766
193.515
75.5601
41.9614
38.5558
65.8725
54.1582
nan
65.4499
37.6644
nan
nan
112.645
157.275
nan
nan
128.601
197.384
241.316
168.547
nan
292.366
137.398
142.142
nan
76.9313
42.6285
49.0967
nan
nan
59.4621
nan
nan
38.5828
61.6849
88.0053
53.5253
89.2706
163.164
161.849
227.605
164.859
110.351
76.6829
48.2386
42.2283
47.5567
35.1569
56.768
36.8938
55.8824
27.3974
nan
54.8498
105.521
63.6669
44.1742
124.272
70.1132
72.4309
76.1341
72.0064
62.8138
97.902
82.1407
84.3589
146.52
111.53
nan
119.712
nan
39.9606
86.852
nan
45.466
69.2503
nan
59.7325
103.754
93.4749
72.9938
78.3517
179.012
420.725
128.023
211.932
285.524
275.456
nan
nan
215.73
136.655
199.552
246.989
201.794
218.251
nan
124.928
64.2354
33.1853
122.381
58.3391
49.0249
87.8696
74.2926
117.337
nan
nan
nan
156.033
nan
nan
178.337
135.982
69.3063
77.5587
177.383
212.639
274.599
172.085
nan
nan
109.422
81.9448
nan
nan
60.356
53.4425
81.6777
80.7309
97.9028
129.467
87.7735
102.306
nan
165.204
nan
nan
164.685
214.047
nan
218.212
nan
119.859
nan
86.7354
126.665
42.2975
nan
nan
42.9631
58.9352
67.0803
50.6576
44.6419
114.424
nan
109.433
96.4397
438.237
nan
82.1464
74.8889
113.765
178.1
133.329
nan
123.929
113.469
73.9515
123.102
49.0805
nan
44.7616
40.6412
28.1467
52.6424
92.0035
nan
nan
163.019
175.826
161.611
nan
nan
98.1513
140.44
83.9384
191.11
76.6509
nan
85.138
187.334
nan
60.7229
nan
57.9359
35.6748
94.8766
75.8581
87.3007
83.843
61.3983
nan
116.539
127.371
201.478
141.376
nan
253.612
nan
nan
220.99
nan
110.302
147.956
101.892
38.231
75.4175
29.744
62.9638
66.2192
61.1881
nan
134.128
94.2493
168.687
nan
239.271
398.855
308.352
389.494
261.454
484.024
nan
nan
nan
99.3167
150.855
nan
82.7904
55.0333
59.4895
41.0067
37.6617
64.1294
108.151
74.0947
72.8234
52.5186
136.645
nan
156.288
232.245
392.472
180.348
337.133
253.968
124.644
248.739
275.448
nan
nan
nan
nan
117.796
40.9253
49.1536
34.8799
nan
118.368
95.3802
87.6369
69.0485
80.9977
nan
147.408
135.153
nan
nan
159.688
230.741
nan
nan
nan
176.76
178.434
nan
161.454
146.027
nan
75.0249
85.6026
nan
91.7775
32.5123
91.467
72.6487
70.9439
61.515
81.8643
141.678
nan
190.257
216.491
117.51
178.301
208.543
217.502
nan
nan
187.808
158.907
118.655
82.8525
nan
nan
nan
90.7455
91.2481
93.7384
96.8688
67.8408
104.379
196.033
nan
191.985
195.45
194.615
133.467
nan
nan
nan
nan
nan
nan
128.437
91.3975
60.7926
nan
102.464
39.0676
113.788
49.6574
45.012
66.7961
44.9177
69.4282
75.2454
nan
nan
207.081
nan
74.9449
165.053
96.2014
265.324
nan
nan
nan
224.643
107.95
95.1082
36.9904
nan
nan
37.8792
nan
44.6187
67.906
55.3655
55.5127
65.1485
105.692
nan
91.7812
314.365
nan
nan
314.779
nan
nan
150.897
nan
78.3001
47.4113
59.7747
nan
76.386
67.9756
48.6401
73.5164
110.661
104.75
169.446
nan
317.641
nan
nan
nan
166.607
nan
nan
179.471
nan
nan
nan
nan
118.145
75.5471
51.6458
41.8171
59.532
nan
nan
106.19
104.644
36.7758
174.603
190.553
nan
nan
nan
305.008
nan
298.857
395.27
nan
210.484
nan
304.498
172.505
308.292
nan
75.0225
26.5819
51.788
nan
nan
74.4335
50.5462
52.2969
58.5736
228.645
166.243
189.679
nan
nan
nan
312.028
nan
184.749
nan
nan
nan
215.4
303.269
316.226
nan
73.7225
nan
110.502
90.5119
120.438
37.5291
nan
83.9471
nan
94.5811
nan
nan
177.901
315.663
nan
nan
123.272
nan
nan
179.208
232.091
205.825
210.907
98.465
33.9054
nan
48.83
44.1292
86.8674
44.2911
58.7948
nan
130.485
nan
213.747
nan
nan
nan
135.074
129.424
168.907
200.594
141.446
nan
86.8506
117.444
88.5007
148.171
47.4032
nan
47.6084
55.4791
75.5872
138.578
117.148
nan
nan
nan
84.7053
nan
nan
117.04
nan
86.5268
146.065
182.869
nan
nan
82.4002
82.6116
63.7902
75.4108
45.3992
50.9525
11.6759
34.6319
86.2024
43.6382
87.4015
87.254
72.1266
64.5636
62.5827
157.086
194.106
128.536
225.375
163.073
nan
164.098
nan
nan
82.7458
nan
nan
87.604
35.4619
65.3828
74.8528
nan
nan
84.8971
49.3974
46.7501
nan
140.143
173.967
nan
nan
257.742
224.06
287.688
152.444
nan
nan
95.3649
nan
102.468
46.142
86.8677
37.2921
100.751
89.1433
99.5193
47.2822
76.652
114.985
205.442
nan
177.603
nan
147.308
nan
nan
261.117
106.852
114.089
226.095
nan
204.01
nan
110.14
67.4672
nan
124.89
66.064
nan
nan
nan
nan
95.8059
63.2031
nan
85.6927
nan
318.157
nan
nan
164.882
117.599
nan
162.607
286.621
199.48
179.639
198.959
107.366
nan
34.609
135.659
87.055
70.8525
40.0882
65.9546
72.4008
nan
138.797
94.9447
139.032
nan
121.704
141.082
nan
75.2109
91.9837
nan
173.323
nan
191.654
140.693
105.925
62.2826
nan
105.677
49.9955
76.3211
48.8042
70.4686
94.9049
nan
100.071
nan
nan
nan
nan
nan
87.1308
162.324
101.069
nan
nan
nan
nan
193.869
162.286
82.419
80.4892
nan
89.9836
50.6886
52.1982
64.1644
nan
69.711
94.9091
85.5819
109.132
187.389
114.628
101.541
139.82
159.275
65.085
65.9165
81.2221
135.848
82.7416
nan
72.7393
53.4979
46.6964
46.9964
24.9064
nan
79.1369
69.1403
nan
68.702
49.2107
48.7966
75.4273
69.591
193.347
156.03
119.982
122.513
nan
191.521
174.556
139.105
66.663
58.8955
118.086
57.5829
46.7859
70.7517
nan
128.294
107.791
nan
80.9246
87.3757
nan
143.067
nan
217.225
nan
148.031
nan
213.768
nan
397.026
202.847
101.553
71.093
79.447
46.2003
104.245
nan
54.6884
91.4261
nan
76.0156
78.2974
128.813
131.748
160.603
105.014
78.0385
nan
275.13
238.876
256.254
nan
175.501
nan
nan
nan
nan
nan
54.5105
43.2743
35.5932
51.6737
nan
nan
nan
nan
109.065
69.3223
58.0574
61.2913
50.2687
137.03
124.635
63.3734
123.567
83.5541
155.548
182.979
64.5977
108.079
130.996
100.953
70.4664
184.958
65.2519
59.5863
135.274
94.7906
78.0039
85.1452
75.9627
111
nan
155.48
93.4496
nan
216.596
160.889
57.8013
90.6908
114.85
nan
346.352
250.938
nan
nan
83.3903
142.654
47.5513
74.017
nan
51.2175
57.5761
50.561
32.4906
134.772
157.233
269.658
nan
100.622
177.507
223.595
168.533
144.57
175.567
166.355
239.424
170.645
nan
152.575
141.602
50.3596
80.1526
119.49
nan
60.2989
nan
48.3102
70.1993
49.5278
102.802
87.8761
84.2449
100.494
122.207
147.053
140.09
139.591
89.626
100.059
nan
nan
75.6146
nan
nan
53.8093
39.5588
28.9765
nan
nan
79.179
nan
82.8542
69.0184
96.3625
48.9162
90.0899
110.593
155.607
113.843
132.788
127.523
nan
nan
nan
nan
99.2016
103.141
nan
nan
nan
46.076
89.2892
109.786
nan
53.927
93.9965
nan
331.654
217.877
303.285
280.241
214.943
217.598
219.779
231.954
196.826
nan
nan
nan
61.5342
44.33
89.5181
39.2255
23.5896
45.1306
nan
nan
107.949
31.4804
62.4844
94.8144
nan
166.478
190.232
nan
259.718
268.08
115.204
117.187
67.3965
187.847
nan
171.206
173.543
nan
nan
nan
94.5854
90.3429
76.9365
42.8761
66.6428
104.06
78.3408
82.6923
nan
89.9154
170.426
nan
nan
nan
124.317
72.7624
92.0068
nan
nan
nan
258.479
198.265
nan
53.4447
78.3875
35.3225
44.2839
76.7889
nan
50.1534
110.664
53.8372
nan
107.705
nan
nan
156.362
66.6796
nan
nan
nan
nan
nan
nan
177.743
85.4314
142.161
61.05
117.383
nan
78.6905
35.2019
77.0527
36.5941
44.6239
53.6136
96.9888
nan
65.5245
nan
243.666
nan
106.227
74.0305
103.616
nan
184.47
nan
135.757
101.679
226.586
nan
nan
nan
63.433
52.2833
64.7897
nan
79.7354
74.4296
nan
nan
74.5984
nan
nan
105.128
nan
184.667
nan
nan
130.019
nan
nan
95.8905
60.7023
56.7814
43.7255
41.5085
89.1455
123.994
nan
nan
nan
nan
90.3431
57.9214
nan
81.8677
81.2191
306.764
54.1242
136.692
nan
215.943
122.57
168.004
89.8583
52.9924
117.673
62.5555
38.7606
59.3554
nan
nan
73.2306
116.186
nan
nan
198.401
109.246
141.33
nan
191.749
nan
202.648
86.4909
183.882
231.937
115.415
75.0345
97.2172
82.2386
71.2066
38.9738
77.8181
nan
nan
38.5965
87.9007
95.2426
102.446
103.878
155.985
89.988
nan
158.523
72.4851
164.999
176
176.292
324.362
179.465
393.528
nan
155.19
261.708
138.195
79.8045
52.4247
46.3577
117.549
123.31
64.8411
nan
103.74
84.4436
nan
125.859
114.471
nan
219.961
254.531
nan
159.684
114.58
100.062
nan
228.666
146.766
133.658
122.349
nan
78.6226
75.5292
74.4453
28.6426
nan
nan
71.3403
118.625
74.0862
101.995
124.595
nan
nan
70.1298
137.696
nan
270.676
nan
nan
nan
235.815
115.667
nan
91.0805
78.4213
58.7509
65.7442
nan
nan
72.5455
83.0287
nan
57.1389
161.361
41.3033
95.4546
160.765
nan
86.8895
112.425
117.124
151.069
98.8286
148.829
155.041
nan
nan
20.6264
nan
nan
53.7363
42.6151
nan
45.9551
69.8889
49.108
64.4401
66.9951
44.5439
nan
72.3104
110.821
105.947
100.968
197.583
152.585
200.175
nan
119.589
111.136
78.078
55.6816
40.5709
70.0478
29.388
nan
53.1619
nan
64.0806
nan
67.9964
50.4475
39.7092
124.672
80.5809
133.807
61.6014
43.6096
81.7193
99.4024
80.4269
118.79
132.48
102.747
33.3773
45.5889
73.3678
57.9659
101.205
69.0732
54.3792
48.1751
85.6551
97.3711
198.09
186.468
nan
nan
106.054
160.453
nan
113.508
160.059
332.725
159.299
89.7114
111.961
165.154
165.426
44.2401
94.3393
58.0754
nan
80.4201
83.4333
88.4149
93.4144
87.4323
148.252
196.388
209.047
275.596
185.364
nan
90.8475
nan
152.703
nan
187.695
120.984
nan
271.474
182.351
104.807
nan
36.5195
34.29
nan
nan
nan
117.783
58.7544
103.615
61.4866
66.5512
nan
201.133
146.437
66.9183
nan
169.29
221.663
131.011
169.174
nan
255.96
nan
66.6175
39.9583
114.961
46.2075
56.6688
60.9683
60.1079
72.4936
67.0658
108.768
76.6706
nan
nan
nan
208.283
nan
109.071
153.684
nan
155.384
157.553
154.889
128.703
111.893
nan
57.849
102.963
99.9571
84.6752
nan
nan
96.0408
133.112
147.678
112.22
137.707
158.184
nan
nan
148.396
110.458
260.616
115.681
nan
127.328
nan
nan
196.552
98.77
118.461
39.9344
nan
nan
nan
nan
83.2976
84.6276
88.3956
90.8864
81.6898
98.8382
75.9948
119.409
65.7651
77.0506
155.116
88.2123
103.101
nan
nan
212.144
nan
131.146
nan
81.6498
92.3769
nan
56.9651
62.1533
53.5554
80.2308
48.5204
65.3019
85.4791
84.337
132.909
175.005
nan
106.016
209.4
nan
158.028
63.5937
62.7088
63.7226
64.7526
nan
nan
nan
nan
97.4045
56.9021
75.2265
100.803
166.041
nan
123.862
144.757
nan
nan
112.583
121.441
100.729
72.3658
nan
125.255
131.585
68.523
25.9608
65.4447
42.4228
38.1039
49.7208
114.001
nan
75.6366
nan
109.385
94.3659
nan
201.033
nan
nan
186.379
93.2114
109.287
101.683
90.5356
71.9188
161.99
196.845
168.443
151.919
83.2692
64.8169
39.31
nan
55.0113
nan
58.6031
nan
nan
62.05
nan
63.3544
106.589
nan
177.826
133.252
121.093
145.943
102.941
nan
99.7748
146.58
138.784
98.1264
nan
54.0016
66.389
nan
57.8671
64.1554
17.5203
139.967
52.2832
88.3906
82.0993
75.5607
63.1047
220.033
93.3577
231.871
nan
102.127
98.9319
nan
nan
nan
nan
208.706
108.073
nan
95.2272
84.3099
nan
61.654
79.6865
52.1373
74.0844
112.907
67.8477
nan
nan
nan
nan
nan
122.68
96.0975
115.006
151.621
229.356
nan
172.92
198.557
232.631
nan
48.0686
71.1291
nan
nan
75.362
37.6881
78.6713
79.6346
46.6854
82.7928
90.1864
130.178
120.25
nan
80.981
83.5265
134.836
nan
nan
nan
nan
nan
80.8154
87.1423
33.2739
157.675
9.12447
nan
nan
55.3976
nan
nan
81.1908
72.9037
128.818
135.522
nan
178.428
126.179
284.503
264.956
nan
170.879
nan
118.487
nan
46.3912
70.0829
74.4197
83.1512
112.778
57.3979
63.0629
90.7041
121.008
119.128
153.862
nan
nan
nan
nan
nan
250.06
159.646
209.336
285.171
nan
nan
149.531
56.0663
107.922
45.3734
54.6645
46.8534
44.0341
84.3497
87.1216
99.0561
128.431
68.0887
227.446
182.368
165.901
nan
nan
nan
108.964
nan
nan
318.608
nan
116.13
153.905
164.611
172.27
65.0598
nan
88.5987
70.2552
157.147
nan
99.4739
109.194
56.9548
nan
127.805
94.0927
nan
214.719
nan
nan
111.337
nan
142.312
144.38
115.316
203.055
211.642
214.39
67.5109
62.9052
nan
nan
nan
31.9756
87.5877
nan
93.1555
126.928
116.083
nan
nan
nan
123.041
nan
123.182
nan
nan
nan
nan
107.46
99.5212
nan
78.0349
nan
38.0508
44.7934
115.673
58.1038
51.8556
54.9937
57.6716
99.8623
nan
80.7468
138.253
nan
nan
72.2281
103.803
238.144
195.164
nan
181.247
nan
110.896
89.0512
48.306
46.2963
nan
nan
28.0317
38.5795
66.2621
69.9025
98.2789
82.6554
38.3728
73.7394
113.025
100.942
26.7492
122.01
102.696
100.256
99.5744
95.2375
117.738
105.287
nan
83.0626
62.218
nan
32.2691
nan
40.3924
60.8837
144.242
96.8326
87.0273
81.0962
106.308
73.9516
170.633
104.575
231.882
129.616
138.121
162.63
nan
66.6595
nan
53.1158
81.3822
65.6908
51.3699
90.029
38.6712
nan
nan
84.6963
102.354
138.289
243.816
nan
nan
311.82
nan
nan
nan
nan
192.588
148.603
nan
165.213
180.153
108.134
nan
56.6498
57.864
53.8636
nan
66.7249
nan
73.6117
107.762
62.7959
76.6293
164.866
115.024
95.5457
138.69
99.7244
172.41
96.567
74.1429
156.565
148.429
141.052
nan
82.0479
103.475
69.7631
91.6475
80.8384
85.6645
97.9365
104.034
59.3468
64.7632
60.5228
91.6905
85.8506
60.2433
123.089
nan
297.205
nan
nan
nan
nan
106.774
nan
105.32
nan
163.409
223.617
111.334
40.522
52.5403
nan
nan
nan
nan
117.088
70.0246
97.0599
82.4484
133.467
nan
215.414
nan
186.668
81.8632
90.6791
nan
nan
nan
132.493
306.688
155.666
nan
50.4094
60.3726
22.7718
35.5793
74.3095
38.5393
nan
104.5
101.142
170.557
89.1401
133.223
nan
nan
63.1531
76.8361
185.511
182.568
87.5754
223.606
nan
196.914
108.393
50.7146
78.1947
75.9672
21.0339
nan
nan
nan
47.3637
94.1444
48.0783
102.402
94.215
106.691
109.147
nan
42.2992
nan
65.0048
73.9329
77.7809
61.8197
62.2334
nan
nan
48.3075
33.0979
39.253
70.1731
45.8882
nan
nan
49.8513
94.5616
nan
115.06
131.542
69.3146
308.579
451.496
201.306
126.189
132.956
144.603
133.897
363.786
81.2818
127.223
113.386
nan
43.2568
141.749
69.1641
nan
133.842
nan
104.534
157.739
nan
147.608
163.3
310.17
226.31
274.651
215.328
153.919
170.65
nan
nan
156.205
nan
65.3622
96.2944
46.3882
58.9166
43.8805
60.6713
nan
85.9138
78.2122
51.6135
113.512
149.488
108.755
91.8863
234.603
123.122
109.003
100.767
81.0048
142.064
101.893
162.693
91.3086
nan
205.12
181.762
61.9263
34.1865
50.3899
95.4734
118.756
nan
139.55
nan
103.845
114.499
76.2709
88.7667
nan
155.146
146.266
nan
114.875
161.216
175.372
nan
116.646
180.942
208.304
141.899
69.3551
61.3941
67.7082
106.958
92.1162
88.7694
nan
nan
51.5692
76.2144
102.112
105.318
124.525
nan
111.518
34.8319
142.89
116.516
nan
138.993
231.479
316.632
127.176
nan
155.09
45.7599
51.4335
69.5597
42.9518
nan
nan
61.7266
69.1535
71.024
60.2247
60.3448
86.9521
164.906
nan
114.786
nan
195.247
nan
nan
nan
213.371
221.818
146.339
70.1475
121.421
nan
nan
nan
nan
nan
73.4679
90.9792
73.7289
89.8295
83.0081
99.1717
153.573
99.2894
87.3241
100.712
72.6259
64.7826
54.3086
180.022
nan
265.704
149.658
70.3285
nan
57.8503
13.5613
nan
43.5176
31.6446
34.6297
71.5524
61.1169
83.0934
116.822
61.0109
97.5402
96.0887
98.7458
83.3582
137.647
nan
nan
119.172
65.5192
69.5524
55.1805
60.7394
nan
60.3161
78.1627
95.5036
63.9079
85.0083
94.2696
99.296
165.539
87.6977
170.391
118.724
149.527
132.05
127.237
115.84
88.4055
155.245
nan
167.531
79.4758
80.4781
60.3963
59.4851
83.7719
nan
35.2937
nan
76.8226
109.427
66.2094
72.8836
155.839
nan
138.579
186.882
185.259
122.578
184.961
234.208
80.9314
80.2231
nan
111.176
nan
126.444
100.05
67.5462
76.517
53.605
48.725
111.321
51.8375
32.7135
98.4264
nan
84.097
84.6479
58.776
206.58
162.656
167.136
192.974
nan
123.458
75.7593
129.367
179.494
144.371
nan
134.356
nan
52.452
nan
45.3416
nan
48.6324
72.66
73.2742
68.3536
102.272
80.4509
128.974
nan
142.016
nan
228.721
75.9947
62.8648
nan
nan
nan
135.338
nan
90.7339
55.2105
73.4256
nan
58.9364
nan
68.6796
78.5896
92.2743
92.3713
86.071
143.913
96.804
79.3155
nan
238.336
nan
86.3502
nan
112.179
103.904
nan
128.158
nan
nan
nan
50.1441
nan
53.4416
107.42
156.254
nan
79.3851
nan
88.2378
71.2189
73.1615
132.417
nan
150.498
nan
nan
262.344
nan
nan
nan
nan
241.297
nan
nan
84.1185
84.1085
nan
23.8036
30.7506
36.6259
56.9165
66.9756
112.828
70.1668
111.158
179.029
138.326
nan
nan
nan
234.037
253.827
nan
nan
nan
72.3585
94.9288
26.4473
64.4159
47.8685
89.6372
123.495
55.7052
85.5967
153.033
111.608
119.616
94.0421
156.996
nan
nan
nan
nan
124.798
151.242
nan
nan
185.926
nan
77.8966
nan
58.6426
66.3266
79.0257
91.3926
98.6083
49.8475
50.6321
105.093
131.85
nan
59.1667
150.938
290.596
135.28
182.505
181.557
337.577
235.566
202.623
nan
nan
140.38
122.367
114.559
66.797
117.109
nan
31.8784
68.6478
91.381
46.0923
87.6318
101.855
nan
45.0775
nan
nan
300.544
nan
204.509
99.7717
154.124
205.1
nan
218.698
nan
nan
219.262
89.7908
nan
nan
52.8447
73.4304
47.3735
122.192
87.4526
21.62
62.7231
56.0643
118.098
nan
nan
nan
164.564
215.496
243.651
286.373
175.257
127.659
231.12
211.438
70.1977
87.2074
120.072
44.3831
64.5489
45.5409
nan
64.7141
nan
81.4561
23.8033
96.2068
68.8476
88.4312
nan
358.523
nan
79.747
118.773
180.071
147.346
250.013
nan
229.705
292.066
nan
66.1909
51.3228
69.7382
83.6119
nan
56.8093
nan
nan
nan
45.6471
156.267
113.58
123.044
nan
nan
338.566
nan
nan
nan
nan
nan
nan
142.797
80.6815
124.779
59.2134
nan
45.5206
75.2303
21.6043
nan
46.6921
80.714
119.544
47.1393
99.9389
145.705
87.4978
160.821
134.362
344.075
275.568
145.711
291.985
146.875
170.08
64.1903
28.0091
51.303
41.2977
97.7081
57.8734
57.0214
75.9009
51.8316
173.064
nan
106.291
119.678
180.911
126.325
162.876
nan
160.591
238.102
nan
90.533
nan
78.3091
84.3992
112.07
49.7525
54.1039
48.4457
68.7853
nan
56.1531
60.6305
nan
78.2514
91.5474
95.2611
99.8275
204.719
176.732
nan
122.19
157.521
206.08
219.93
162.182
nan
nan
131.397
191.624
nan
nan
105.275
38.1845
nan
nan
71.7926
64.5839
78.6015
148.007
126.265
69.515
146.452
nan
97.8382
nan
201.831
204.31
170.077
nan
nan
277.426
nan
102.338
175.402
88.791
83.5947
32.054
126.98
28.7997
nan
108.822
72.5579
98.7603
54.557
nan
nan
nan
148.293
173.653
82.0379
235.789
nan
nan
nan
nan
nan
111.25
91.9285
40.2535
62.4038
57.0164
92.3147
89.2887
nan
66.5419
59.5793
103.307
82.1776
89.7801
nan
nan
104.92
131.607
81.6969
nan
nan
nan
239.193
nan
nan
nan
nan
76.9461
51.3395
39.7354
41.631
nan
50.8236
61.8325
140.084
51.2058
48.0137
67.836
196.308
78.4348
138.842
nan
nan
204.47
nan
nan
nan
nan
279.896
165.365
173.642
48.7231
41.7152
93.6403
nan
90.2845
nan
107.838
101.59
114.701
102.905
58.8959
56.7424
64.6994
218.839
64.1916
60.4488
153.046
234.228
155.775
51.4371
64.2685
58.4366
49.612
nan
nan
53.7684
71.2853
90.5955
nan
76.5794
79.6757
107.852
142.89
121.127
127.786
259.125
159.689
144.651
126.034
101.832
100.91
195.533
125.872
180.299
82.1546
131.453
126.063
nan
81.0176
45.3587
84.7841
115.188
nan
96.7571
100.005
111.238
116.954
52.2922
nan
nan
232.743
177.117
121.566
nan
nan
nan
nan
nan
nan
nan
341.831
nan
65.5512
74.579
84.37
nan
82.6798
96.5231
106.494
111.095
84.0137
75.9365
nan
65.9485
183.028
112.695
47.4979
293.139
nan
159.793
nan
nan
221.841
nan
88.1085
94.4241
64.9312
63.118
nan
34.0072
80.0435
nan
90.3775
86.289
86.0767
48.5722
92.1093
137.139
223.631
95.0335
118.334
116.945
77.5231
nan
nan
86.535
nan
154.769
83.1373
nan
70.8624
nan
47.7575
55.3881
nan
43.6839
82.4479
95.0513
123.244
104.652
67.3068
66.6713
127.354
227.27
93.0708
90.4801
nan
207.393
99.6789
181.151
140.256
106.717
77.5526
61.3592
46.2155
75.7013
51.4894
90.0675
66.0584
nan
111.977
106.868
66.5106
64.3909
58.08
nan
99.1628
68.3826
99.6328
42.2583
55.5012
77.4724
44.724
nan
74.7129
47.8906
128.019
39.4191
66.0937
33.3603
92.0579
59.1187
74.6695
70.498
nan
123.318
112.157
131.836
135.66
245.572
95.9696
nan
224.296
182.983
nan
208.698
nan
nan
75.842
60.0697
40.2515
61.6072
47.1837
47.129
109.106
70.6929
38.8679
69.3465
79.5338
158.638
192.401
123.744
122.071
181.685
133.894
186.998
181.91
nan
nan
nan
150.366
145.901
184
nan
nan
79.0732
nan
nan
64.5426
67.1614
53.7945
74.6059
57.9436
107.933
160.037
137.496
73.7539
207.026
138.486
nan
137.762
104.237
83.9878
nan
100.069
nan
141.025
nan
113.92
nan
93.8013
62.8533
79.3123
112.407
nan
77.7679
nan
93.4439
nan
108.502
135.44
102.374
83.3346
190.293
48.9784
109.018
112.682
215.992
148.838
nan
164.416
119.374
91.6469
64.2626
115.624
77.9689
80.2654
76.4593
65.4128
nan
100.878
39.4723
137.567
85.0275
66.6364
165.483
99.8449
249.331
173.359
138.312
172.885
183.361
nan
179.081
159.762
114.353
206.207
nan
77.2221
36.3774
48.1523
nan
nan
115.882
82.832
110.206
125.502
105.235
82.5117
83.3872
153.195
121.468
163.17
77.1211
50.9304
125.844
129.301
114.703
162.815
94.0731
nan
73.7429
72.9548
nan
75.0083
61.1484
89.1978
70.0731
81.1357
70.0578
101.92
78.097
97.1165
68.6127
82.6402
142.247
nan
nan
151.344
nan
nan
118.224
94.4202
103.398
nan
nan
46.1778
55.5127
104.09
nan
80.2192
20.8482
46.8708
nan
91.7196
46.8516
33.519
58.8768
60.4936
nan
nan
72.7639
nan
nan
nan
48.1577
46.5416
nan
nan
nan
nan
nan
nan
nan
nan
36.7738
nan
59.8098
102.101
123.452
77.9279
nan
66.6189
83.8411
49.8486
58.5099
nan
47.8598
nan
121.657
83.8593
70.7088
123.563
20.3331
37.5516
79.2591
nan
63.9775
33.9846
nan
122.058
119.663
nan
81.6374
121.996
118.241
144.284
100.252
70.3542
59.2587
57.2299
171.78
168.009
nan
144.422
nan
nan
105.27
71.5212
61.5755
nan
nan
68.8684
71.8142
88.1416
nan
111.25
89.6186
83.1144
nan
nan
182.28
97.0452
152.637
84.2444
87.1982
132.809
nan
185.015
116.087
183.099
116.252
60.6738
80.1513
nan
96.6639
56.4317
66.957
94.1839
131.642
194.528
138.562
116.013
169.789
nan
151.385
97.4193
106.623
145.837
nan
190.407
nan
128.792
nan
nan
71.8566
49.4951
nan
45.311
nan
82.1102
33.9774
64.2089
88.9668
99.4643
nan
107.812
36.1414
137.446
268.07
314.842
105.326
150.413
177.429
nan
165.199
130.668
307.021
167.124
86.8514
61.3018
32.1856
nan
40.7461
76.943
nan
40.7611
nan
73.3606
77.0666
55.5027
85.2365
93.2423
110.764
64.752
nan
124.796
168.655
95.6621
180.475
168.37
138.518
120.845
95.9449
44.5564
26.0453
21.4145
72.6405
115.552
56.7402
102.654
95.504
80.7223
41.723
130.088
29.439
145.111
154.271
50.7758
135.701
135.661
108.654
nan
93.4212
43.6592
64.1754
58.6404
78.3734
28.2263
26.8258
63.3823
nan
75.8794
84.2154
91.7251
73.0812
178.844
90.6392
128.196
327.501
204.418
227.408
nan
166.097
183.624
nan
146.757
102.59
65.6139
54.2699
81.3475
90.8832
16.9151
87.1122
65.4545
65.333
121.463
64.8463
125.23
102.334
145.016
150.481
92.2101
274.889
156.38
69.385
nan
75.5585
100.606
115.557
101.454
nan
nan
139.678
nan
83.7982
39.3439
41.859
65.1242
56.7468
90.4755
79.7502
70.5344
152.46
nan
80.3169
88.3146
nan
194.26
186.216
90.9278
144.626
158.043
215.892
137.44
79.6355
176.854
111.978
105.076
41.5215
44.2729
36.5573
nan
51.1196
21.7518
66.7735
77.3277
56.8141
99.002
73.4571
91.5529
214.576
196.744
40.9502
187.445
nan
133.173
164.093
290.794
nan
184.512
117.168
64.9733
41.6674
62.8906
29.2918
32.8587
nan
82.7174
nan
nan
102.036
81.7696
83.1578
79.4045
67.4864
nan
181.571
259.421
187.735
109.725
245.271
nan
183.226
258.865
nan
192.68
53.0029
35.191
nan
nan
49.4686
48.9486
60.0671
101.208
91.9044
118.466
123.219
49.7832
135.003
70.4632
194.858
190.813
98.5428
198.36
nan
128.232
nan
nan
154.526
83.4095
77.4519
29.3015
64.2211
nan
40.3866
nan
46.6552
55.5788
nan
112.615
68.6073
69.1269
nan
nan
114.903
136.175
253.596
472.369
nan
154.784
92.6195
80.9692
nan
69.1148
47.4398
36.1703
42.705
49.3201
65.8204
51.3535
59.2698
141.75
92.0794
69.213
81.8449
76.5516
231.544
129.345
162.048
91.2436
157.808
85.078
185.175
nan
137.103
91.9403
60.4201
69.4417
71.702
31.3568
nan
nan
110.43
nan
78.0148
123.097
130.372
256.683
110.256
184.667
198.229
107.635
56.6218
105.062
62.4721
258.27
116.518
154.74
137.468
nan
107.374
196.875
128.327
52.4391
60.7637
40.8987
nan
81.9037
nan
99.3054
77.571
192.39
131.323
110.236
129.803
nan
248.889
205.434
nan
nan
210.287
191.999
nan
112.313
140.883
nan
nan
50.3793
50.387
nan
53.5732
64.9689
56.5417
nan
67.7192
87.8195
81.0484
120.66
nan
nan
350.195
344.981
264.427
251.075
428.848
nan
nan
285.59
201.141
nan
61.1218
32.8772
nan
nan
86.4715
65.2751
45.878
61.5927
60.8586
nan
195.858
79.5248
81.5603
nan
nan
252.898
220.415
211.107
nan
195.725
45.4536
149.721
173.028
76.1964
145.462
43.862
42.0291
129.084
35.0423
43.3755
99.688
38.7896
100.99
76.1893
62.918
100.652
130.335
160.79
81.6564
110.927
127.637
138.058
162.225
153.068
186.273
160.57
178.289
100.075
85.8343
37.1326
nan
70.6812
97.4267
nan
85.5323
65.851
67.9381
50.8846
90.8727
77.2265
137.044
111.523
nan
81.4671
nan
nan
108.08
nan
99.8038
nan
99.2846
45.712
78.3139
22.149
nan
66.9783
57.2077
63.2762
nan
85.1885
235.677
nan
121.496
163.596
281.503
219.871
114.167
120.381
91.2222
145.466
nan
97.301
63.6171
110.745
32.1475
47.0569
nan
31.0629
nan
59.9083
78.8868
70.1905
109.123
111.752
186.635
231.823
99.6984
104.508
191.969
153.234
116.466
28.1115
68.8551
133.401
122.923
160.148
nan
nan
nan
63.908
90.4823
43.1799
44.1574
67.6639
55.6426
68.5126
82.412
61.3931
128.818
nan
138.021
158.649
144.91
282.463
nan
67.7094
188.111
314.78
195.513
nan
190.97
244.246
289.919
149.926
59.277
47.8155
nan
54.2458
36.5986
45.4963
28.4939
51.6963
78.2328
140.642
120.16
121.084
nan
228.97
323.612
nan
151.2
202.742
nan
248.607
155.249
nan
nan
nan
nan
17.1077
33.7465
38.5001
nan
nan
52.2989
nan
98.5767
nan
nan
119.181
86.5504
292.422
283.505
216.392
98.0906
199.427
200.645
133.613
139.731
nan
nan
107.788
nan
20.4321
23.9889
64.5431
152.316
86.3701
nan
32.5209
118.766
nan
79.2133
118.907
nan
219.659
141.368
164.468
130.103
97.1629
99.6227
185.495
118.845
197.579
181.677
157.032
nan
nan
48.8445
51.5504
nan
nan
nan
47.1592
81.1894
97.4671
93.945
77.7163
110.326
104.862
186.083
157.98
91.6396
118.332
154.44
155.602
93.4337
84.9479
61.4238
40.0987
78.0172
nan
28.6601
66.8555
75.9292
84.4906
31.6964
114.921
66.5064
166.465
129.756
117.251
271.459
nan
256.402
125.424
105.259
99.7094
187.427
99.0852
94.4488
88.2884
56.0554
47.8153
81.9422
nan
nan
88.5209
78.3567
53.5915
73.0407
79.2263
168.295
nan
112.107
168.209
nan
nan
256.618
209.952
78.351
99.0052
226.75
74.9368
nan
nan
102.65
62.7411
59.5121
37.1082
57.5622
44.5764
55.2951
71.2141
74.8977
63.4607
53.2266
117.839
152.635
105.515
185.428
268.728
120.98
28.789
83.2249
nan
181.873
nan
nan
nan
189.163
nan
57.3407
58.1198
60.4829
53.1623
75.0795
nan
35.6876
89.1431
129.145
89.0523
91.4203
159.53
nan
167.273
273.735
nan
106.903
129.405
nan
272.844
nan
nan
nan
87.2072
84.8126
53.8559
25.876
31.8501
117.653
nan
62.1635
nan
nan
136.036
145.449
127.281
134.852
nan
nan
142.132
170.54
104
169.174
115.07
117.609
209.426
nan
178.574
54.7042
57.4979
101.519
63.0113
nan
69.7893
62.4546
67.6801
66.4779
128.299
103.629
106.981
106.002
183.036
nan
108.51
nan
206.894
88.4949
123.987
nan
95.7406
nan
98.5237
55.5782
52.6157
42.0191
nan
59.6263
57.4219
30.9126
60.4269
44.0308
109.745
94.4064
68.0384
99.1269
84.2678
113.673
132.803
79.3788
nan
nan
nan
72.2654
116.172
67.105
51.2539
50.7639
42.3979
nan
99.7908
88.126
88.46
80.3806
68.434
92.2413
nan
139.939
85.5437
nan
nan
117.772
36.8268
47.7864
65.2289
305.036
92.1713
52.3544
59.2504
65.2486
33.4844
45.8572
25.4243
24.5433
89.5674
77.4408
nan
57.47
134.267
58.9447
nan
74.5547
103.415
154.786
120.897
44.4869
140.292
88.5169
153.847
93.4531
nan
199.984
110.57
203.205
124.022
87.5552
nan
27.2772
39.763
54.84
82.8361
76.5006
81.2544
123.785
117.522
68.5693
83.7697
245.868
nan
nan
61.2052
122.017
169.051
163.386
153.418
149.998
190.81
149.635
141.133
nan
47.5186
56.7999
nan
51.6842
61.3922
49.8431
55.9237
137.251
91.9412
45.8313
148.655
nan
263.658
nan
236.691
193.836
162.889
nan
146.447
nan
nan
184.839
nan
nan
47.538
nan
84.0297
nan
53.3812
66.9122
44.6108
84.8846
70.2579
179.737
70.5112
163.068
256.139
198.715
nan
nan
74.7025
134.98
159.894
154.956
169.857
nan
111.692
99.018
41.9177
31.2586
nan
51.3179
nan
nan
nan
41.5942
70.8867
92.7209
70.8696
96.2601
119.005
105.271
117.028
108.646
154.267
nan
137.567
87.3091
92.2807
142.054
77.9879
47.1625
111.959
77.7451
30.9151
40.5077
20.9635
103.022
76.7173
130.469
58.9019
60.4475
81.8154
57.533
221.569
nan
122.48
nan
nan
159.349
83.9604
87.067
61.1899
62.4381
108.31
17.0518
nan
nan
nan
51.3713
51.0958
140.763
144.43
128.958
104.117
139.845
114.441
228.796
212.423
123.284
nan
109.347
49.1402
214.059
121.891
89.0308
80.2354
61.6428
39.6585
25.304
30.5498
77.1444
nan
68.7303
50.9362
67.8451
60.2506
88.0284
174.021
127.045
91.7762
206.951
122.977
205.999
nan
66.9799
191.853
nan
170.816
158.733
126.658
159.544
71.6454
110.363
82.1425
nan
83.3992
nan
nan
77.2407
126.307
78.8362
118.845
nan
61.1098
221.107
223.671
nan
243.503
nan
nan
105.054
211.128
nan
197.985
132.524
146.326
41.0237
50.9679
34.2967
56.4824
75.3195
97.6097
97.1572
51.6878
76.5078
131.567
105.478
123.897
96.2783
nan
120.083
nan
147.845
235.346
411.097
206.82
nan
162.739
nan
176.748
nan
39.791
66.655
nan
37.8759
nan
nan
91.5489
65.1464
82.3844
nan
102.549
141.266
244.801
263.149
77.2652
131.456
117.164
149.974
204.949
117.02
142.683
nan
164.502
63.1605
53.5206
41.5279
36.1936
61.2342
63.8437
nan
117.958
56.8605
85.9794
98.7401
52.4976
71.5004
121.086
74.1588
77.8315
107.078
58.062
136.884
nan
95.1322
nan
183.101
159.719
47.4666
60.7577
94.9503
20.3617
146.488
nan
77.5506
77.0222
100.293
48.6009
77.1186
101.652
155.945
146.503
78.8516
119.706
183.668
nan
nan
nan
102.734
50.9626
50.9492
41.8487
80.0499
34.6258
95.1943
95.3914
75.499
67.7091
112.766
90.8781
210.06
nan
142.364
178.37
188.756
217.513
200.249
124.155
159.535
190.879
167.951
133.866
117.09
95.817
128.144
86.0575
nan
49.8426
nan
nan
nan
103.773
nan
77.4299
83.0179
210.268
66.1657
61.0773
308.724
121.983
284.332
160.888
91.7431
101.847
nan
nan
180.448
179.565
nan
230.112
68.3792
56.9795
42.526
56.0798
63.3409
66.3191
97.2578
23.0765
100.986
160.978
80.2929
nan
nan
nan
223.98
107.751
115.263
nan
nan
229.773
nan
148.506
201.202
nan
110.48
35.9972
nan
37.4322
37.5207
78.4268
59.1298
88.3958
73.2835
nan
76.3842
93.8086
229.765
nan
231.684
295.641
179.664
240.788
nan
286.26
196.315
184.006
278.517
nan
51.9273
nan
28.7593
65.0434
62.3742
nan
93.7615
26.8941
108.643
109.881
100.634
80.3518
nan
nan
178.34
180.336
206.672
146.585
133.051
nan
91.1543
204.325
nan
125.802
53.368
35.6085
67.3544
41.1912
58.0014
109.818
62.0831
85.7086
90.9733
377.019
81.4283
84.8025
nan
89.7705
82.1393
70.754
71.4902
57.1498
63.0238
79.3924
64.1042
89.3423
18.7853
64.0294
24.3858
nan
nan
73.1106
94.7905
nan
nan
67.0529
74.6927
136.238
90.6867
61.7828
102.402
212.686
205.977
149.296
186.239
nan
162.316
164.083
111.643
76.0805
65.1544
34.4167
9.12447
nan
nan
57.921
67.7864
104.361
90.8939
95.9605
nan
148.036
112.641
78.401
302.528
215.643
nan
156.378
82.9207
153.386
255.407
163.304
137.765
58.4598
68.6252
25.7059
56.2222
75.5521
49.9291
nan
115.569
84.5667
99.7845
75.2069
100.114
219.703
124.679
69.562
222.471
169.019
148.851
nan
190.051
21.0866
156.026
110.396
183.199
111.976
nan
69.513
80.3537
43.8116
41.3666
nan
109.93
60.8663
75.7814
106.209
75.3044
206.897
107.556
nan
nan
199.373
195.467
62.8817
108
187.965
161.235
97.8388
156.836
174.148
139.539
121.103
64.3566
36.9243
92.1414
nan
nan
nan
69.4857
82.8141
139.897
52.5209
111.059
20.9415
nan
273.478
109.507
55.5385
188.231
306.115
269.289
275.101
244.574
157.04
146.318
113.418
137.521
29.9268
94.3585
nan
51.2022
nan
44.2859
nan
74.0713
93.5215
nan
128.447
171.279
nan
nan
nan
101.394
nan
nan
199.242
77.9108
nan
320.57
79.6668
66.059
38.102
nan
117.793
57.0184
nan
62.4875
nan
43.3732
70.9894
58.9482
72.4637
137.712
nan
96.6613
nan
101.142
80.6551
149.935
164.668
125.471
114.505
154.532
74.1048
57.647
48.2669
82.3509
75.33
116.322
99.3616
46.3437
nan
114.598
57.4059
110.112
147.115
101.888
313.672
268.066
209.579
nan
331.344
nan
67.6869
nan
104.018
150.372
82.5013
55.478
56.2791
30.3231
nan
56.1495
96.4506
87.989
100.355
149.057
nan
109.98
196.186
nan
166.81
140.39
197.056
215.977
155.904
193.807
136.077
160.961
58.2666
133.182
56.769
135.12
51.7103
nan
103.811
66.5827
89.3446
105.974
88.2031
142.488
222.126
90.3325
76.3593
nan
131.939
121.439
71.1386
36.2294
193.988
nan
215.435
164.132
47.255
170.456
188.323
75.3379
47.5089
58.6343
nan
48.3725
80.7376
104.978
65.8519
104.27
nan
52.758
92.696
nan
218.332
211.397
96.0395
175.844
170.805
195.122
123.163
213.838
209.055
125.763
114.228
65.2802
29.1484
43.5213
46.3707
40.6836
64.4479
134.038
49.0383
48.8592
nan
nan
143.761
nan
197.481
233.647
181.194
78.0422
238.985
291.646
242.019
nan
134.112
nan
159.904
nan
44.9753
101.496
46.8099
81.3744
nan
92.5364
84.9903
96.8437
86.134
163.341
99.2661
64.601
228.68
132.657
103.74
146.843
105.824
203.168
159.456
129.342
150.691
nan
108.794
71.903
89.5838
29.8157
nan
nan
52.2309
64.5304
78.1658
nan
53.8363
52.7954
nan
64.1357
68.7077
nan
nan
82.6626
86.5677
95.0066
nan
nan
128.087
88.3669
102.315
109.766
64.9193
17.4885
90.2308
74.0086
41.2094
nan
83.6882
126.646
49.5107
136.585
84.2313
172.222
144.592
99.2021
78.0785
145.216
170.007
202.009
47.8958
47.5419
38.3354
43.5605
31.8684
62.163
28.3438
52.3585
75.1361
107.883
85.7842
114.05
107.273
122.794
180.986
nan
112.457
202.035
209.437
134.526
160.631
68.992
70.6727
166.508
167.859
49.9591
64.4186
51.7044
89.83
37.3501
36.1971
52.3868
85.1111
54.0463
96.3219
77.3974
81.321
83.5386
119.281
120.249
88.0247
53.0065
88.1033
74.2805
70.3124
51.7384
65.9258
176.325
127.907
nan
nan
nan
nan
111.872
50.3267
67.2576
nan
35.6393
100.473
69.7825
82.3516
67.4807
84.7826
84.1171
73.3816
222.598
nan
nan
128.278
115.942
114.15
115.043
113.497
211.06
255.853
103.664
139.872
42.4106
63.0072
59.0443
96.9706
48.3978
76.8373
116.05
68.9596
127.165
48.0123
93.4381
158.159
nan
nan
137.845
129.65
158.737
282.811
288.181
198.94
239.104
110.984
131.614
nan
60.1119
32.2171
101.857
nan
nan
79.9388
66.6434
56.0233
74.1832
94.1717
131.336
nan
100.762
nan
nan
163.443
176.713
110.208
188.013
225.594
149.258
189.084
82.472
103.677
134.241
55.7373
37.726
69.6316
52.5628
nan
34.1307
60.7719
42.4815
80.5869
110.636
75.7097
nan
129.179
81.0921
73.7411
nan
101.426
nan
nan
157.829
78.175
219.317
72.1361
111.851
51.6691
36.4514
30.8422
42.2444
38.6334
53.2937
88.4886
68.5904
52.4869
53.4568
87.4371
76.7476
121.498
177.674
52.6802
68.8299
nan
128.918
nan
85.8186
nan
122.303
nan
nan
58.7613
44.1986
74.7116
81.0373
99.6479
66.1096
60.0999
97.5151
138.802
66.1535
100.465
nan
235.148
203.032
nan
103.207
136.843
nan
129.688
64.5665
111.652
55.2311
25.5834
nan
87.1714
36.1472
47.2691
nan
120.231
70.1513
57.5302
81.8255
nan
69.3419
114.284
228.389
157.893
128.453
79.7284
102.534
95.188
116.911
93.5634
nan
nan
167.683
nan
44.8846
65.9447
36.5029
nan
53.7199
73.9771
62.9916
95.4323
60.9735
nan
137.308
nan
nan
nan
nan
134.411
157.309
116.896
193.49
264.202
nan
96.6709
216.046
146.577
47.4849
nan
nan
67.0763
nan
66.2988
67.1032
51.2801
84.372
153.312
77.1189
109.162
nan
nan
nan
233.533
132.168
239.856
nan
281.353
nan
125.624
236.765
nan
nan
50.8197
69.5697
67.0583
nan
55.7346
nan
nan
63.7089
100.542
179.38
69.5679
81.5255
248.18
284.276
190.119
156.396
225.617
nan
167.481
nan
nan
190.251
nan
93.435
49.4285
59.1216
nan
nan
88.5375
46.7127
158.676
69.0625
95.8782
92.9474
45.6413
nan
138.081
nan
101.673
97.888
247.474
147.867
nan
225.293
nan
nan
130.202
114.447
61.5463
33.1589
35.4626
51.2701
86.5265
71.4023
55.7228
66.1687
74.6937
42.0504
91.5688
62.5919
63.7418
70.1703
207.826
68.4042
nan
nan
99.2716
63.9464
nan
77.7628
56.364
65.5723
34.3904
55.3118
67.0699
nan
102.411
81.1143
118.953
54.1236
141.224
179.509
nan
182.472
50.2851
76.5616
64.3078
67.9825
188.177
125.486
90.2836
108.479
202.852
70.2887
73.5792
54.8177
nan
75.9715
nan
nan
133.847
77.0803
61.7549
95.7755
nan
112.812
152.618
nan
151.826
129.883
108.338
74.9681
84.1367
189.04
174.101
126.23
88.4259
105.472
51.3133
47.2935
82.8067
52.8288
85.4238
75.099
nan
114.318
91.0709
44.5747
88.4649
85.7246
107.356
198.187
128.817
123.165
69.229
117.747
nan
170.222
281.834
146.783
165.301
nan
60.9347
35.2256
33.3569
30.6008
nan
nan
56.9983
45.2234
108.79
51.2803
81.558
84.0597
132.013
201.216
nan
84.3285
nan
243.911
nan
nan
nan
115.091
137.139
86.3203
115.742
54.81
37.4781
nan
61.3812
61.2746
nan
60.1299
nan
99.6669
58.3139
90.5724
55.9669
95.7742
nan
79.4422
176.892
102.784
nan
nan
156.95
nan
120.018
145.737
76.0235
61.5444
39.4816
nan
58.0078
nan
nan
37.3397
85.9975
86.9777
94.7249
76.6046
39.0643
90.1878
59.1219
72.9922
51.887
30.4706
75.8871
92.4732
nan
134.15
60.2759
81.1287
108.038
54.4774
113.676
37.4641
104.541
nan
nan
88.5932
31.1807
85.6798
62.0605
111.676
50.3407
61.7919
111.966
129.793
145.84
164.864
251.407
nan
102.01
76.2529
39.3786
44.6673
62.0076
45.8726
nan
41.9424
78.1714
74.6668
69.6176
78.8601
77.6291
61.98
103.965
83.0931
148.574
199.909
189.929
nan
nan
199.149
122.522
nan
159.683
96.5408
79.1411
110.49
41.9949
55.766
23.2963
nan
nan
70.7991
48.5741
70.9874
103.647
97.5968
154.257
150.29
nan
198.635
249.731
82.8625
31.5987
52.7224
84.1394
115.564
96.6659
nan
nan
114.752
79.024
84.4277
52.6396
69.2139
66.4144
90.4371
53.0069
68.8304
71.6086
120.946
232.047
147.428
137.685
138.232
129.024
110.728
48.3814
68.5633
94.7412
143.081
136.012
136.061
108.269
nan
118.643
165.48
39.5784
48.5349
nan
108.443
25.242
57.4021
35.3829
78.8496
44.9566
80.5364
84.9249
98.2659
182.367
104.756
66.2361
51.0189
140.455
nan
nan
243.116
191.635
nan
136.772
65.4899
nan
60.524
56.6441
42.4199
107.638
64.2569
90.2485
59.6965
49.109
113.532
61.8744
131.29
nan
nan
203.555
76.111
99.4196
172.908
208.439
240.538
229.175
184.563
116.698
61.3912
54.9135
nan
69.5496
68.5747
14.4138
nan
43.9488
112.299
60.4933
87.1233
45.2241
92.1432
59.3443
258.878
63.7792
66.1137
nan
163.61
231.434
142.084
76.1885
144.041
79.2506
76.4054
66.2197
nan
49.9422
nan
111.832
50.6488
nan
103.596
122.448
85.6903
41.7803
65.753
138.981
186.371
137.845
nan
189.699
nan
123.232
66.6254
64.9514
82.4378
54.511
nan
23.1474
54.0188
nan
103.578
104.449
nan
75.5669
105.383
173.98
80.7798
55.2451
nan
204.591
nan
nan
116.4
90.5907
199.923
156.077
83.9114
66.3546
136.702
nan
89.4438
98.6269
34.0027
nan
99.9482
128.387
78.913
83.5989
125.101
163.378
115.79
110.821
170.011
124.724
238.402
137.023
244.743
150.748
160.245
235.343
210.485
173.215
103.418
134.983
45.0547
45.3574
86.2583
102.401
38.3207
35.7336
80.8165
73.8467
85.3676
nan
119.127
83.644
nan
nan
nan
68.6863
150.401
163.275
226.234
154.648
234.689
nan
240.377
96.0588
66.4713
nan
29.0196
nan
45.2309
50.1374
117.779
117.895
104.822
nan
64.5507
99.7966
108.847
92.0269
nan
301.024
236.228
180.648
nan
214.847
298.23
87.3
113.283
99.5836
63.8098
65.1948
67.6817
33.8913
65.6425
114.027
nan
68.3622
98.5144
88.2561
nan
nan
166.2
nan
nan
nan
152.73
171.123
191.247
222.428
85.2918
198.098
150.084
125.914
22.2028
38.4004
85.9593
24.3267
75.8526
57.5822
44.4096
80.6309
64.0627
nan
86.5728
136.683
nan
169.212
nan
119.144
139.557
183.287
139.479
118.845
nan
114.481
119.918
84.4987
61.0093
46.3054
53.5294
nan
nan
49.8278
117.737
68.8595
66.4494
71.8844
74.3123
40.0933
107.141
126.129
522.696
77.7657
91.0169
184.606
nan
113.265
62.7852
99.9707
56.1822
120.418
47.2214
nan
42.2731
51.8736
99.1464
36.1621
90.6622
109.625
nan
nan
58.9673
nan
221.804
182.268
178.468
nan
88.0419
76.2065
300.282
126.787
83.9277
149.997
86.867
95.4763
71.0318
nan
56.7778
86.3654
74.1718
86.9066
114.007
91.4604
130.36
nan
nan
nan
nan
150.947
85.1202
171.959
90.013
61.8375
113.544
168.322
161.133
210.132
123.52
80.4789
nan
49.462
103.382
37.3453
43.4906
70.526
50.6254
65.0976
128.591
153.602
70.328
116.506
nan
207.413
143.61
73.265
nan
130.366
153.592
159.695
120.436
nan
81.8525
58.6919
77.7733
45.2994
58.6366
nan
64.5589
nan
69.2699
45.2523
54.6098
79.754
102.18
112.214
nan
nan
160.045
122.802
122.767
nan
378.887
249.793
163.085
nan
173.495
75.234
57.418
53.4303
66.4473
nan
60.5854
56.6642
nan
nan
85.2062
60.5438
103.928
67.7793
70.0863
193.128
139.195
nan
nan
54.1861
88.6396
120.246
110.529
133.564
83.4411
90.6872
68.9254
85.0943
71.9342
nan
86.1982
nan
46.5084
nan
129.139
119.769
93.8199
50.7212
62.7884
163.878
87.8812
72.0571
108.707
nan
138.626
nan
nan
129.231
108.576
nan
45.211
50.7799
81.2379
18.5723
nan
nan
nan
nan
83.9337
nan
105.619
49.4276
112.248
47.8947
208.753
135.777
133
nan
nan
115.955
nan
121.203
33.2337
nan
29.4305
36.0133
54.3014
118.793
95.1354
nan
85.9762
70.8944
86.9819
104.234
114.78
105.525
nan
nan
28.0811
nan
74.447
163.639
208.784
115.626
95.6854
54.6515
49.0627
51.5999
55.6543
16.6551
77.0431
47.7393
100.562
126.573
76.6633
66.9408
106.817
185.364
nan
93.4792
nan
135.461
260.683
160.007
nan
175.101
93.9837
80.5911
116.352
47.7824
147.711
91.1448
nan
62.2529
42.126
94.1521
nan
nan
75.6619
89.4066
80.8269
96.4015
81.7395
nan
198.163
176.058
nan
106.441
nan
99.257
85.881
123.718
270.206
183.36
152.941
159.656
65.0494
38.4477
nan
nan
31.1529
69.0934
93.8546
51.3556
57.204
62.4446
50.2186
56.0783
170.686
155.508
89.9958
nan
192.416
123.465
nan
nan
132.425
164.823
102.648
nan
78.0581
36.8987
106.885
66.29
nan
45.1859
67.4234
74.9937
nan
74.145
159.809
nan
89.0075
nan
nan
nan
131.874
nan
nan
196.851
104.867
nan
nan
80.4863
121.716
33.8858
93.5065
nan
20.8458
22.8073
34.0351
66.8589
62.1297
45.7189
60.2651
nan
53.9247
113.922
115.215
146.06
125.183
92.8691
151.144
87.8529
93.1387
139.092
162.474
83.1793
73.6755
128.502
63.9036
27.7583
106.261
88.4473
nan
70.7386
73.2839
52.5654
75.6174
61.1943
94.1923
93.4831
90.6005
nan
62.8747
122.395
nan
93.4014
10.151
167.43
16.8763
125.267
52.9037
nan
54.0709
55.3585
32.4615
57.1774
106.967
56.8364
222.097
nan
123.506
130.391
277.855
186.691
100.056
nan
181.786
73.883
240.914
202.589
301.416
nan
321.673
95.601
109.45
54.4492
26.0346
108.388
nan
110.032
110.062
99.9628
95.3634
195.928
127.098
233.881
nan
158.272
140.811
91.1542
154.341
127.842
90.4
152.537
258.559
82.785
98.2482
113.779
35.5931
35.8991
42.4854
nan
79.3453
83.1229
125.915
nan
77.0005
nan
103.317
96.408
nan
nan
165.264
nan
184.819
200.868
187.782
nan
nan
nan
nan
323.55
36.5313
45.3485
47.8359
nan
nan
91.7102
83.5815
65.3919
70.7842
128.198
72.7716
nan
nan
247.644
nan
nan
nan
194.229
190.945
167.895
151.751
nan
nan
201.762
70.5391
109.021
72.9058
nan
nan
63.3454
65.92
40.8091
49.6999
69.6605
nan
52.1093
71.7594
nan
197.066
90.126
170.235
nan
nan
168.544
220.253
221.71
144.557
63.9435
95.0909
61.8257
nan
31.4351
nan
40.8416
58.5139
44.6365
44.7226
56.9854
77.9015
74.438
nan
70.1423
109.786
88.6857
60.4795
128.958
193.807
nan
87.1239
96.5945
152.285
73.8604
37.2481
64.2992
69.2955
85.53
nan
40.7366
78.1218
92.4608
133.901
109.471
122.179
137.21
220.927
247.814
79.4311
77.7891
110.388
153.997
156.577
82.7519
122.056
55.6085
39.2662
60.6789
nan
42.1036
nan
nan
70.0988
108.972
72.5686
81.8234
118.582
261.247
135.019
116.211
nan
125.211
216.905
nan
164.918
nan
271.741
nan
nan
96.8062
57.3034
nan
61.8011
55.3792
57.3647
35.8409
100.342
43.4459
72.6559
105.892
36.1547
222.801
137.571
95.0407
298.311
275.374
233.786
67.8026
174.004
152.952
269.476
150.423
nan
134.331
111.717
173.354
48.1738
98.1575
97.1858
136.651
45.0193
104.763
73.5714
70.1588
116.763
nan
150.07
105.274
nan
218.494
nan
109.663
121.311
274.605
153.463
200.714
192.34
137.422
152.217
91.6603
64.7858
59.3782
117.998
54.5124
52.3598
78.768
105.715
55.3226
106.686
nan
136.097
152.155
nan
146.301
168.442
nan
293.111
341.437
nan
nan
nan
116.475
nan
106.474
nan
110.943
nan
26.3285
nan
75.8125
nan
62.3889
54.9539
122.124
178.389
82.5321
nan
303.764
nan
153.617
nan
235.937
239.257
nan
nan
119.703
96.5124
nan
96.9332
88.6986
39.0372
27.0436
75.4614
67.2457
63.8208
50.3662
41.0631
77.1707
79.176
55.879
116.32
113.096
124.018
72.5671
95.3829
155.22
142.228
nan
nan
nan
206.966
nan
70.685
74.8385
48.8843
64.9638
60.8187
103.179
73.9714
nan
88.6825
83.4416
98.3318
60.8625
63.4018
118.99
156.881
265.607
nan
nan
192.105
nan
57.7834
58.1146
64.1648
89.3633
nan
45.5832
nan
95.8481
nan
42.1722
95.5003
56.5383
135.909
nan
139.245
102.714
nan
210.959
129.839
225.711
93.1318
nan
313.224
207.849
nan
63.261
112.609
50.0236
48.9484
nan
13.7395
78.5692
83.82
95.2817
56.2106
38.4034
55.9563
nan
223.134
67.8432
248.599
280.72
93.2718
172.578
131.662
106.178
163.116
nan
162.447
161.085
nan
72.6671
nan
90.574
36.0458
142.506
53.9391
88.5332
96.4043
83.4045
58.7353
147.561
55.9828
63.4804
nan
nan
116.033
129.702
187.983
169.84
230.89
nan
nan
nan
158.657
66.1436
89.6826
47.7016
22.3274
45.7207
nan
45.6711
nan
74.1806
82.9785
105.808
75.1395
76.4656
nan
nan
nan
nan
94.5885
nan
nan
nan
nan
140.786
149.72
nan
52.8406
33.687
64.0524
65.5774
nan
62.2118
45.5014
70.1943
67.2158
nan
nan
130.197
nan
nan
nan
82.0289
141.858
169.573
nan
nan
nan
nan
254.396
104.798
nan
62.5633
39.1949
71.6776
nan
nan
95.5404
38.7615
38.0459
nan
55.0862
70.599
134.068
nan
121.704
168.776
47.9795
158.902
nan
nan
163.451
158.683
106.078
125.999
nan
45.5193
29.1863
64.5615
89.2519
nan
69.1808
123.069
73.3854
89.9646
56.3138
62.98
79.7596
nan
349.601
nan
82.0302
161.266
nan
118.15
69.7786
122.103
128.387
81.1087
128.749
33.4768
55.0298
99.5598
73.1634
80.3091
63.6415
96.9302
74.0474
193.005
nan
120.556
341.604
229.352
nan
nan
nan
198.391
318.157
245.64
195.333
66.8035
76.1963
62.3499
28.7209
43.1667
16.9928
nan
77.9716
55.2205
59.6874
101.434
99.7246
254.231
103.227
81.7506
186.475
231.296
nan
157.813
106.395
148.948
181.846
156.793
nan
205.955
199.948
nan
84.7578
70.5102
nan
nan
44.5564
60.1111
nan
85.7781
100.929
nan
nan
154.927
nan
nan
nan
nan
173.39
119.119
nan
152.545
nan
263.157
142.197
193.3
47.0742
46.465
88.4637
36.2301
nan
72.3112
72.4277
54.0825
56.5556
nan
88.9574
111.97
217.155
131.49
nan
nan
105.105
116.821
262.407
nan
nan
101.551
nan
146.237
60.6599
116.074
nan
75.6757
41.9076
40.8996
70.8599
57.7929
101.78
52.9884
102.127
104.469
152.88
nan
nan
137.497
97.7301
160.177
187.217
208.535
133.931
100.31
124.748
109.005
60.004
65.3871
48.798
55.4005
73.0446
56.1524
nan
84.3246
77.5882
nan
127.121
94.2008
nan
nan
nan
88.8941
nan
85.5435
nan
144.064
nan
127.015
nan
83.3525
82.368
54.0163
nan
75.4344
nan
54.3884
nan
66.7303
82.7215
65.9297
nan
nan
nan
131.442
nan
90.5985
86.1845
105.056
nan
88.0985
106.722
43.9289
46.3667
60.981
nan
nan
31.5314
nan
69.0711
59.5561
96.9024
81.6446
130.609
nan
127.969
117.051
261.366
140.406
nan
nan
64.3867
105.644
nan
192.463
92.2874
nan
nan
nan
33.063
nan
30.3375
37.7441
93.091
72.0209
52.4133
79.7772
83.1929
nan
130.332
109.211
232.903
146.354
159.213
nan
67.0452
nan
265.551
114.116
93.5094
nan
96.3437
nan
nan
32.2772
32.2682
105.355
nan
83.6119
23.9989
99.0811
65.9618
nan
168.11
105.793
nan
173.208
193.864
107.221
129.134
101.538
102.715
194.151
111.447
205.753
152.74
81.6308
126.798
83.4082
nan
85.2526
nan
63.9458
48.51
73.6775
35.08
nan
51.8499
93.8883
nan
165.09
113.168
nan
57.9297
126.184
282.404
nan
nan
nan
102.644
108.274
115.702
77.9268
62.7383
110.824
83.9587
67.6679
66.3541
63.3898
nan
61.1578
131.573
nan
86.1257
nan
nan
116.488
nan
nan
139.27
127.509
nan
71.2658
153.364
102.204
55.4321
38.8966
nan
80.3889
48.235
88.9892
76.0463
nan
50.282
nan
55.1778
nan
nan
123.587
131.665
52.5004
143.645
137.527
59.04
80.1332
92.1005
50.1103
92.9366
149.284
84.0255
71.6284
34.3738
nan
35.085
29.669
67.0196
85.9585
77.0018
67.2113
72.664
108.469
84.5417
147.51
203.937
nan
96.3874
nan
73.9427
82.653
98.012
77.7438
39.7016
56.1407
63.1079
nan
59.722
58.7142
89.9199
42.1941
81.0832
66.8073
143.582
195.733
nan
172.828
nan
154.158
151.965
nan
93.3463
102.903
219.573
168.84
89.6417
106
57.1615
nan
69.7601
54.7208
68.2588
57.36
69.3364
114.928
83.0661
50.9208
170.193
nan
95.5336
101.838
nan
nan
nan
103.53
106.327
85.6255
158.487
218.483
158.318
103.448
205.668
nan
96.5391
40.7121
nan
56.2634
nan
54.2749
46.5074
94.7264
25.5819
156.673
192.797
130.971
nan
nan
nan
69.2361
129.627
69.2646
nan
nan
nan
80.2413
175.647
100.58
62.7553
77.7383
48.2267
83.166
121.43
68.6893
43.929
49.344
75.2348
nan
85.7415
51.0709
235.892
nan
84.0499
254.316
125.517
126.591
nan
159.251
133.255
107.977
115.755
76.0003
65.0288
78.6684
99.4194
59.3326
37.2484
nan
50.2755
84.5111
56.6104
76.0923
85.9884
71.6217
131.431
310.939
49.5195
93.6781
98.2687
49.1652
76.8926
133.505
94.3892
nan
nan
113.612
97.5724
37.1995
23.1757
36.4676
89.4766
60.296
70.2641
63.6412
34.6258
42.2498
50.8848
79.6684
98.1086
148.666
146.317
90.5539
68.0596
84.5592
131.609
153.344
nan
253.615
133.782
110.647
80.3101
48.6184
90.5569
51.069
86.1373
53.3896
42.5023
nan
109.275
51.856
87.1054
82.7945
117.837
149.95
150.001
103.739
63.7903
133.157
115.697
57.8936
89.5635
49.0678
93.6208
100.556
nan
65.1986
101.029
60.3791
nan
56.5033
64.1859
77.9103
76.514
275.881
92.7629
237.874
nan
253.084
80.4167
99.097
86.251
68.8154
303.972
176.734
123.301
101.616
59.3872
60.6986
56.0804
nan
77.4545
71.9918
96.986
55.3376
78.9999
98.7207
65.7336
138.826
107.584
137.371
234.934
206.56
172.682
148.255
127.677
nan
145.134
nan
63.493
92.5133
81.9626
90.1184
78.4037
41.6348
74.5284
92.3545
nan
nan
104.873
77.778
90.5403
nan
82.1427
149.859
nan
203.776
nan
240.135
125.42
100.149
116.967
nan
120.033
131.956
nan
96.9731
58.8949
38.5769
nan
62.6557
51.3044
77.0008
58.8819
84.4354
73.4097
168.641
56.6422
47.0285
nan
210.858
nan
268.096
95.0371
nan
nan
242.485
150.624
159.828
134.801
166.447
52.7164
106.468
68.5144
nan
70.2138
47.2357
nan
nan
54.008
83.1232
143.731
65.2525
133.353
nan
205.186
112.434
76.4594
155.18
115.213
nan
209.843
86.2165
208.558
107.945
64.2941
nan
66.9613
9.8949
nan
63.6416
62.5259
65.9472
79.4157
nan
36.5157
105.303
nan
124.576
89.6589
123.314
86.5748
65.1015
128.825
nan
153.05
nan
108.331
93.4654
105.521
23.8762
28.4565
58.5155
34.8615
46.4659
99.2838
59.3058
nan
80.5032
68.1681
71.51
nan
258.703
nan
170.264
121.384
nan
nan
130.824
nan
79.693
30.0133
100.041
45.1654
nan
50.9493
50.676
65.6791
nan
41.5773
108.65
136.838
167.192
158.092
186.731
381.432
374.304
219.463
210.653
138.063
53.639
178.599
116.669
51.5969
118.188
59.5961
49.0228
22.5809
nan
97.7661
52.7148
nan
51.7693
81.1907
77.3441
87.605
219.995
nan
168.76
363.891
180.78
261.588
194.921
170.03
199.932
nan
nan
182.565
nan
nan
133.605
73.3502
45.3937
43.583
39.892
47.1923
nan
82.1905
73.894
85.5415
nan
189.931
104.658
331.424
nan
nan
175.311
40.7878
39.0449
77.4417
108.774
191.011
nan
nan
235.118
31.5839
55.5597
nan
nan
108.629
102.753
48.9566
45.0408
nan
172.71
77.4209
115.514
nan
194.127
178.363
146.047
158.484
199.82
nan
172.63
167.186
132.228
85.418
nan
46.2624
16.8084
nan
48.3409
nan
91.0119
95.0039
107.479
55.2813
77.2257
73.0905
114.042
176.87
nan
194.208
84.5247
70.6142
180.206
102.989
84.1922
124.7
148.503
131.429
86.0016
73.3109
100.93
102.573
24.6781
90.5203
45.7556
21.2378
37.01
46.8948
48.8387
37.1265
72.0196
nan
35.726
94.0729
128.156
nan
nan
71.1943
114.343
98.7998
104.155
nan
140.126
43.387
44.5498
46.9072
75.82
58.2585
nan
nan
27.189
42.5499
94.0841
80.0342
46.4514
57.2054
101.141
nan
137.364
133.238
188.874
152.776
nan
94.8435
58.187
96.606
86.0726
65.8604
35.8637
80.4515
80.109
54.9627
74.0771
79.5507
142.478
123.098
nan
150.245
190.088
316.46
102.637
164.266
255.403
101.72
155.789
nan
101.404
60.1903
48.8109
83.5003
57.598
nan
nan
42.9596
66.6472
nan
103.467
73.4435
78.3943
84.1255
nan
88.0352
78.7665
215.229
148.368
86.7191
172.022
143.815
137.078
nan
77.3948
107.801
97.4414
209.708
113.76
75.5915
58.6399
61.9972
nan
nan
26.5763
30.955
80.6157
102.626
178.02
82.2087
46.4702
154.702
101.713
170.661
92.7022
67.6212
nan
155.319
nan
60.1601
118.103
166.663
112.451
35.6073
45.4212
29.2961
nan
43.785
55.0906
nan
66.6255
70.7122
72.4062
84.7913
106.815
nan
78.5574
57.4298
139.596
94.4977
93.0112
91.5025
nan
nan
77.071
118.229
80.8167
46.4339
41.9604
nan
107.789
93.6405
63.009
75.6516
69.9782
74.5257
52.7972
82.9253
64.3023
nan
nan
129.504
158.807
nan
98.3579
109.411
76.8369
206.37
81.385
81.4878
112.474
49.3999
27.2077
nan
32.1465
35.459
61.5001
86.0119
26.2825
nan
43.0627
112.022
22.0895
66.1756
77.0909
67.5373
76.5814
70.8789
64.0976
137.89
93.1273
124.546
137.919
83.5363
75.7994
54.4147
47.6917
68.2115
92.1399
61.9705
29.9727
62.6547
67.7199
68.4088
101.118
51.7888
88.6056
33.0942
70.2552
nan
244.948
93.7165
nan
nan
125.926
nan
37.7819
78.9165
57.1134
53.4967
nan
nan
85.8016
72.2507
nan
78.7929
127.285
71.7637
139.198
119.115
62.7237
116.713
158.57
104.14
225.561
110.715
146.811
247.868
53.3135
84.845
67.9521
59.5454
35.1871
38.9135
72.7226
95.452
nan
nan
105.507
74.4533
79.0232
154.438
134.453
67.0964
nan
271.815
nan
202.753
243.448
52.0699
88.8335
227.332
137.101
91.1478
132.351
94.2752
nan
71.8969
38.6658
33.6671
nan
90.1388
58.9229
nan
68.9943
55.3567
80.9975
121.424
119.58
146.367
nan
nan
70.5381
36.8072
81.4802
78.3714
67.2877
78.7104
67.7276
110.756
68.7869
58.1206
78.5545
40.2054
nan
49.4969
51.3429
77.2861
50.0338
69.9605
109.366
74.9431
135.805
nan
nan
198.621
122.767
59.6317
126.055
nan
nan
184.197
123.777
123.18
177.205
52.7682
86.5434
100.474
nan
52.8037
53.8696
nan
48.688
70.5196
63.9695
nan
nan
122.859
nan
129.152
102.259
nan
nan
187.761
103.048
151.493
59.9217
106.493
157.28
75.2351
111.678
32.1784
14.6413
19.1865
74.1448
65.2418
61.683
64.2578
33.9519
54.2682
36.1546
81.6183
82.4373
nan
74.3363
87.6007
90.3386
57.7037
62.6786
44.099
41.2345
59.402
58.6397
nan
nan
111.981
nan
98.5345
nan
54.537
65.2782
44.4507
45.1061
76.4726
76.881
152.269
121.755
nan
129.504
163.443
nan
203.837
nan
46.1171
43.7496
nan
29.9378
52.534
nan
nan
48.3316
56.6681
nan
80.5471
42.3027
52.1492
169.751
175.97
97.3136
261.838
177.151
nan
nan
137.568
nan
nan
187.817
49.1998
81.156
43.3162
69.5748
106.868
77.2216
38.7863
67.8335
38.8318
71.0086
nan
86.4553
73.1526
123.619
87.648
180.637
132.065
224.746
66.3608
73.464
131.154
156.74
159.762
nan
95.172
82.5834
nan
165.781
88.5315
15.5941
25.1884
53.7146
30.1608
66.3203
54.1913
97.0364
56.2336
nan
169.1
86.9461
224.734
nan
nan
105.432
84.3695
80.9972
88.0439
91.158
107.274
174.06
nan
82.3442
55.9427
32.3586
42.4094
36.9642
81.4347
nan
68.8358
92.772
82.6034
73.646
99.8874
84.1873
130.53
283.591
194.649
153.706
nan
125.337
182.969
nan
230.791
129.766
127.678
60.059
64.3598
65.7099
34.9464
30.6213
65.8237
52.9198
64.0335
50.2872
nan
75.7885
60.4263
138.065
94.8796
nan
81.0427
142.259
112.868
89.0015
80.6465
nan
117.226
120.062
103.447
85.1956
nan
99.0765
80.4065
nan
87.3552
30.1045
56.2444
66.9093
62.0917
110.113
52.217
62.0364
143.971
35.7834
95.7399
80.9597
76.1487
76.8206
131.039
62.5853
105.271
275.192
162.096
116.666
93.8276
40.2624
98.7372
41.1442
36.4068
52.7644
nan
64.2534
24.9403
50.3958
47.9202
44.4381
123.321
140.618
nan
118.681
197.814
267.074
192.565
nan
86.8671
61.0642
54.5011
69.3599
22.1161
45.5394
78.4287
88.2871
nan
76.4713
40.9928
72.9808
121.744
nan
233.233
237.941
355.725
262.929
140.303
nan
132.514
148.134
349.537
121.863
nan
70.7107
83.6711
49.8743
36.3838
nan
48.5377
70.3868
nan
75.9064
124.744
65.3192
98.661
135.156
197.623
nan
nan
189.018
102.325
72.4599
63.1591
114.891
79.871
154.58
63.6764
84.2802
91.5809
83.7565
62.4185
nan
nan
42.8241
31.4467
55.2655
82.0058
75.2898
86.4182
114.441
128.125
86.5975
nan
182.97
69.2044
97.6096
128.021
106.78
70.3309
85.5367
147.38
121.42
93.9153
81.1407
86.7555
51.4964
62.2911
nan
nan
97.5581
62.7475
31.909
129.785
85.5908
73.6859
63.7467
nan
285.311
nan
107.202
133.527
117.394
174.313
120.55
154.018
90.5714
74.9661
91.8625
75.0634
nan
54.6702
nan
47.982
67.8236
nan
78.5498
53.8497
nan
93.6459
123.226
67.2995
nan
118.145
115.676
112.955
108.187
93.868
nan
151.322
206.692
nan
154.228
50.7261
nan
55.7695
43.6905
105.146
nan
38.6664
80.9328
64.7125
111.854
58.937
79.1537
143.341
81.1325
65.6133
73.5051
82.1765
71.7561
80.78
123.026
143.57
110.344
nan
107.099
95.2497
42.6475
60.9756
50.6689
nan
40.1776
39.5691
93.5242
71.9748
65.5045
80.1206
38.311
99.4029
nan
nan
109.326
66.9596
114.808
nan
nan
52.9359
63.1239
74.0929
45.4723
nan
81.4682
59.7008
64.6633
nan
78.8017
69.3789
71.9427
112.783
nan
121.111
52.8907
215.766
164.291
180.809
156.87
74.0382
116.773
nan
150.286
69.437
64.761
77.6469
117.926
nan
106.802
nan
62.67
105.332
nan
63.3564
95.6175
129.662
101.481
132.461
96.1361
263.091
64.9151
85.1788
109.159
78.7912
66.7804
129.255
81.453
177.851
97.8676
77.8017
120.124
65.4591
51.5296
61.8392
nan
nan
nan
41.8995
nan
nan
nan
66.8303
108.892
160.452
nan
122.674
91.9039
124.911
134.569
nan
nan
108.389
156.2
123.36
102.505
100.72
49.1237
52.1181
96.1663
nan
40.1446
110.775
53.782
nan
67.0622
94.9996
64.7948
nan
nan
80.3457
103.022
nan
81.7223
121.966
71.0979
92.4831
120.046
104.374
91.7731
nan
88.7721
nan
163.367
nan
nan
nan
nan
70.8376
nan
85.0121
nan
63.9777
nan
110.481
50.3336
78.548
67.289
nan
101.926
212.078
89.5429
104.023
88.6338
69.1146
38.4659
nan
nan
40.763
90.3514
27.2749
41.4227
nan
62.3717
88.8615
68.1508
45.2084
88.9648
99.8055
148.877
63.4548
99.4599
240.933
90.8124
104.32
133.287
395.906
87.9052
66.8458
32.1824
91.8092
35.3303
nan
43.1663
39.3422
nan
nan
99.7509
47.2095
60.4155
107.983
83.8932
nan
127.446
124.431
153.019
176.382
81.4367
146.376
95.5393
115.392
nan
85.1318
nan
nan
117.62
87.9788
51.719
67.9302
nan
70.5022
nan
nan
127.495
nan
nan
101.975
nan
213.591
173.104
nan
219.032
126.902
152.049
91.5468
74.9825
66.3197
85.2921
36.3099
128.138
76.8053
110.908
127.068
159.301
164.881
248.054
108.717
223.551
440.606
309.418
232.908
159.973
205.757
53.2007
266.056
355.173
nan
265.72
nan
nan
93.3089
119.392
99.9792
nan
nan
nan
53.7679
135.538
114.225
nan
153.997
137.294
nan
nan
nan
160.566
nan
196.013
108.041
nan
nan
nan
77.1184
114.714
nan
78.2794
86.2825
nan
nan
124.369
87.0712
54.1955
86.3821
127.808
108.729
68.8194
100.499
99.8823
69.7011
96.8311
nan
119.314
85.5493
89.0836
95.4208
81.6471
94.0998
86.6422
64.2651
29.9092
nan
78.0159
nan
114.681
67.2001
104.706
50.5907
96.2414
81.2173
79.0911
86.2118
103.524
149.378
69.9874
75.3139
101.188
190.832
73.4084
139.81
127.425
182.984
nan
62.1758
62.162
50.2507
78.6897
37.9836
32.1405
64.5618
100.81
47.8562
53.6534
54.0278
98.9272
68.95
92.9556
78.097
64.5158
102.758
83.7446
70.5936
88.2336
51.6685
98.9636
87.1966
76.665
64.9377
44.5218
46.8723
26.364
103.121
nan
nan
52.0907
nan
nan
32.5445
63.9343
50.1743
54.0867
64.2015
118.57
59.9684
91.6185
100.67
139.326
nan
nan
68.8207
115.339
42.9147
59.3695
39.6368
82.9089
73.0415
58.0615
112.455
149.96
116.188
131.774
nan
120.277
112.634
130.093
130.341
195.083
93.8963
199.018
nan
166.675
70.1158
94.347
69.9781
49.2465
104.292
67.6393
22.9536
56.2304
56.659
48.7867
53.2432
120.03
85.0569
nan
74.1088
147.075
nan
269.27
124.209
108.978
125.252
138.231
nan
nan
nan
81.7432
157.379
80.6779
51.1787
85.2416
nan
85.4637
47.4885
65.2162
84.5604
61.2967
60.8415
52.8535
106.968
79.8511
63.0858
79.868
67.0952
64.8743
nan
79.1855
87.3904
80.0899
47.759
84.4128
68.3519
79.9002
123.89
55.0026
15.3993
nan
nan
nan
nan
98.6709
66.302
63.487
115.454
55.2186
174.705
nan
83.6268
93.3453
92.7968
81.8834
nan
113.048
159.452
111.231
115.496
75.6448
45.3762
50.4728
32.4155
32.8879
70.8704
63.5979
55.7146
74.6446
66.9823
79.878
79.2121
58.6392
52.2666
81.6276
113.685
79.136
nan
78.2774
140.8
85.6238
80.5617
176.426
139.743
129.102
70.5095
59.4082
54.5607
119.472
nan
90.647
nan
41.9915
122.854
102.222
50.6609
50.6722
81.9845
95.7615
24.6002
59.9316
99.1432
67.7518
95.3223
92.3289
104.15
79.1238
88.7015
98.3327
nan
91.6031
31.3509
28.4254
nan
68.3343
40.1293
41.9841
51.2555
68.6057
84.7832
84.178
129.477
68.9376
151.412
114.848
nan
nan
155.276
100.49
65.1732
37.1494
69.9986
88.4898
nan
nan
73.1671
60.6888
127.426
55.9378
101.316
62.7881
149.231
nan
91.9619
73.8058
284.92
182.017
185.228
156.722
nan
66.7363
nan
nan
65.677
nan
74.1962
73.603
32.9811
43.6186
46.7388
43.7556
36.941
130.952
74.3358
138.841
nan
158.427
162.519
116.742
286.001
nan
57.0232
190.652
203.919
126.012
99.3784
nan
94.4167
128.67
266.397
72.0617
79.9471
nan
nan
27.4905
87.1741
nan
98.6123
46.5671
57.1467
64.2462
84.9206
126.678
157.443
118.393
181.331
92.7972
131.801
121.636
105.242
157.686
119.297
179.657
nan
120.502
66.6777
80.718
73.8524
49.9336
nan
28.3098
104.783
84.6859
44.9689
91.7426
56.2572
113.099
nan
145.489
nan
nan
nan
62.4353
62.5322
nan
88.0333
115.473
78.2705
nan
44.9822
nan
121.001
109.549
nan
nan
40.0222
nan
106.138
71.9647
88.0625
127.377
77.4331
170.994
115.136
69.3991
118.489
211.721
75.6808
195.45
106.768
142.862
97.6559
nan
64.0431
75.7914
26.1237
53.4908
37.1762
52.8434
72.3369
97.5373
nan
75.7043
91.6023
29.7735
127.316
169.856
nan
66.492
73.498
90.3404
96.708
105.899
141.679
197.556
119.188
86.6104
61.1285
34.0349
nan
nan
57.0187
60.0573
36.6501
38.0084
66.9976
60.7454
97.9821
94.744
55.761
97.6944
nan
127.159
113.161
nan
nan
152.744
nan
132.063
50.0727
59.1133
36.7633
33.9161
80.168
88.7697
91.1284
114.44
66.9516
63.0002
66.8483
120.566
85.7576
96.9421
nan
192.255
121.744
nan
69.2437
162.055
nan
nan
69.1292
nan
88.6522
43.7662
39.4743
nan
nan
59.2363
52.2204
64.3948
66.5697
48.7701
106.041
nan
nan
nan
221.624
116.829
86.5993
80.7984
75.6358
82.3037
143.029
37.7119
148.578
86.2484
156.386
85.8175
60.1444
nan
37.2317
48.3584
nan
34.1955
91.7365
86.275
72.8603
124.604
68.8666
88.2253
171.492
162.667
nan
131.288
89.8304
102.159
81.5979
124.731
74.1865
57.3711
130.438
105.797
44.6851
65.5631
51.204
nan
75.2855
74.6827
37.8668
nan
49.0186
nan
76.2225
80.6052
208.04
nan
47.5741
74.1864
73.1684
137.173
nan
nan
104.631
97.8799
102.22
131.084
50.4099
121.794
35.4883
37.6886
nan
86.8114
61.3748
68.0786
nan
65.3422
52.4446
61.5127
47.5328
nan
94.9894
69.6689
116.512
nan
116.985
73.7738
71.1771
95.4008
262.968
105.926
74.3281
nan
20.0327
34.4025
59.3598
38.005
37.3326
71.6789
nan
90.6712
97.8801
66.8103
122.353
130.561
87.5164
103.472
47.1075
nan
93.4099
108.909
48.1118
108.743
84.0641
121.015
43.3041
43.1523
70.9659
41.1875
33.2041
25.7629
29.5555
43.0112
nan
87.8101
nan
110.147
45.2203
87.6257
83.2737
150.132
62.122
223.728
98.553
128.195
163.789
67.6264
102.476
118.626
42.6107
51.5575
nan
41.0949
54.2386
nan
107.552
nan
145.114
93.1144
125.511
90.0574
238.477
203.305
nan
100.447
128.657
51.1733
111.446
nan
101.859
111.998
51.9414
15.736
nan
nan
59.3278
93.2611
nan
nan
86.3598
nan
