42.9677
26.7335
28.1445
27.0402
26.4932
35.3652
26.0296
22.5058
17.2841
23.2182
29.393
11.3629
9.98372
9.80898
9.42629
10.9393
7.39904
10.5989
11.0609
12.6327
13.0202
13.9907
14.5836
22.8276
45.2668
60.4384
58.9943
47.0868
60.8566
63.2196
61.7379
59.7946
49.6175
58.5098
62.5762
67.1174
36.4454
35.286
23.3937
20.7882
11.9307
9.35519
9.92758
14.9022
8.53898
7.56325
13.2935
15.7405
25.937
37.6998
35.5087
43.303
47.9096
45.7098
53.0003
54.8829
44.8089
46.5844
40.7764
38.4421
30.2688
14.2327
15.2039
15.431
13.4691
11.604
9.63877
11.0122
8.77384
13.0059
9.38825
19.2292
33.0366
47.9
33.7156
36.8403
62.4117
71.3585
84.9863
130.87
33.8593
74.2367
74.6922
51.3571
43.8421
36.8893
22.8322
21.943
9.20616
7.87521
10.0922
7.59886
11.7506
7.70112
13.1536
12.1897
18.8833
20.5746
25.1028
35.3643
44.4699
76.5345
56.6394
71.7362
51.1739
50.9702
40.4747
42.5833
26.0541
17.246
18.32
42.5814
12.9859
10.4951
9.34995
15.9744
12.0619
12.4333
9.18512
13.1526
38.2466
29.1633
85.8535
41.1396
44.4368
80.3759
107.332
47.8665
39.565
62.1633
35.5175
12.6995
15.8755
13.8528
11.8749
10.7964
10.662
9.92181
7.6562
10.7609
12.0165
8.73367
9.04028
9.35649
9.95525
28.6086
32.2987
16.2352
32.9733
18.352
15.404
15.2123
11.7099
14.2321
10.0694
9.81384
10.4215
9.39604
11.4721
10.7363
7.20251
6.64399
7.2544
8.38142
11.6843
6.90282
10.2661
10.5749
10.7138
16.4379
16.7527
12.5068
15.7106
18.7326
12.5516
11.8388
11.7566
11.3676
17.497
9.39425
15.3781
10.6799
9.84817
12.0361
6.91898
6.74893
9.85286
11.0862
9.48417
9.50586
13.5474
15.8339
36.7116
33.19
31.3396
35.2619
44.1418
47.952
44.1986
21.2455
31.5914
32.1311
43.9098
39.0137
43.9874
32.4444
37.5788
25.3504
7.51223
11.1854
9.93904
6.1907
9.9073
10.4871
16.0428
12.1866
36.3738
39.482
24.6649
25.4773
31.8873
31.5616
47.8589
29.9218
33.0118
51.8524
63.2145
64.5696
35.0406
29.5748
42.592
18.1398
12.643
11.5
9.82131
9.43411
8.47025
9.39132
9.55208
10.4481
14.8413
26.1636
25.5425
17.9781
26.8395
37.2254
37.807
33.3326
81.0865
49.5742
50.5867
35.6301
76.2089
32.8038
16.4527
15.3743
14.735
8.54777
7.22428
14.0756
12.5025
9.35076
9.41392
10.2372
11.1656
24.5416
18.8996
20.1563
24.6901
35.7228
64.712
100.418
31.382
46.5536
32.6578
40.9784
17.7469
27.0142
22.9306
16.2724
11.5545
13.2114
9.82152
7.5381
5.52998
10.8324
9.65294
8.8587
14.1916
15.0909
22.7467
17.5398
28.4425
32.8461
35.5271
23.8481
16.2269
20.9942
27.4529
22.3058
28.4223
30.4991
21.0822
19.89
8.52174
8.85794
9.75674
10.3816
8.31136
10.9799
8.50807
10.0672
9.49613
15.3623
19.6259
21.8902
48.7281
73.575
67.8194
47.8182
85.8462
45.4609
40.1431
49.7062
41.5478
10.9031
9.93009
11.4745
10.5839
5.00906
8.19192
10.1187
7.8008
11.7186
16.5601
39.4949
48.0088
55.56
49.6077
55.3023
50.884
49.0228
44.7832
47.7249
36.0084
31.2029
42.0646
20.0706
12.2515
11.7103
11.0508
12.3727
8.34864
10.7264
10.9598
8.9998
7.3195
14.9736
13.0171
18.6393
39.7644
37.1306
31.5837
22.1598
35.0456
52.4822
38.9537
30.9926
82.5516
34.5401
33.7524
55.5197
32.4375
31.7098
37.4986
19.8375
11.9095
11.2909
10.1502
7.6222
12.5607
13.3855
10.1259
13.2118
23.5708
31.8408
18.1997
20.351
44.3351
68.0718
153.17
21.2041
45.2425
33.2608
45.5937
47.2408
32.4128
22.4108
27.4467
21.0247
17.1899
13.184
10.0111
12.6252
6.21136
9.46124
9.70609
10.1954
15.3196
25.3082
24.2867
27.7185
60.5162
38.4484
nan
145.005
38.7787
54.5501
55.5166
39.6295
19.8142
18.3032
23.4725
17.2899
14.5595
12.7488
12.0844
10.5663
6.14152
8.89277
8.83757
14.2175
14.9278
29.3545
31.0118
26.6342
28.1776
24.1311
45.7591
31.3816
55.0999
33.4812
23.4985
27.7737
24.5591
23.9089
22.9578
21.6059
12.2854
8.83887
9.98587
11.3689
9.13019
14.4506
13.0987
9.57768
16.7793
21.2832
21.9353
17.2121
21.253
38.7513
106.827
28.8429
44.294
40.3129
29.4455
31.8086
22.7766
20.2289
8.11351
15.1496
9.26896
6.86532
9.67179
13.7241
12.1483
10.9723
6.2617
8.64708
9.72925
16.1545
17.6158
23.2566
53.0933
32.4997
52.305
38.1407
40.7486
42.6054
41.61
70.5543
20.6827
11.4691
14.069
9.28969
8.21031
2.81043
11.186
9.53956
10.0431
10.3172
16.9097
42.1476
49.3096
43.8554
44.761
47.8318
47.1968
54.6931
48.4834
39.0821
59.2456
110.152
33.4869
20.1377
27.1229
12.3632
14.4771
7.20606
8.69745
8.45068
11.049
18.0887
9.28823
15.8696
8.97207
26.2619
59.381
37.8163
20.0056
22.0671
46.5057
64.4632
63.683
66.3815
49.7287
34.5516
47.8403
87.6721
35.6106
26.9529
25.4933
34.8217
12.6342
9.15427
7.26784
11.0213
12.8711
9.89038
10.2147
15.2187
22.7994
35.6818
27.2564
27.63
36.7226
35.0247
53.3491
59.278
52.1432
36.6241
36.2006
50.2716
39.9538
66.4429
35.9638
22.2311
18.8388
8.67984
9.70239
11.1025
19.1296
14.5209
7.28218
14.5615
24.429
32.4121
27.5236
20.9339
36.1422
51.7702
78.9518
66.2901
40.2774
36.9984
38.5862
57.3111
39.4333
41.2632
28.0584
22.4728
9.59611
10.9766
5.3873
10.978
8.91793
7.95852
12.8889
13.6639
15.1477
31.9422
23.3189
19.4651
54.6274
35.6916
50.1885
34.1803
54.2348
53.52
25.5434
23.8204
25.2161
25.274
23.6364
13.5235
14.1333
9.57956
10.0841
10.7034
11.6991
12.3142
9.37872
13.2834
13.6148
25.0077
21.3557
12.9435
26.6329
30.2252
71.5555
26.0138
23.8765
24.5982
29.5131
19.9255
21.7457
19.9824
19.343
22.4865
12.1705
9.17458
7.15058
4.89276
4.05015
8.40104
8.81871
5.9152
10.0817
14.5758
21.6066
27.698
34.9856
56.4858
138.664
65.5852
64.1712
59.6149
52.2538
28.2791
23.0843
10.8674
13.3295
11.4464
7.11469
7.39126
7.64642
10.604
8.04023
14.9782
17.1566
29.8078
41.1962
42.813
47.9547
62.6567
49.5353
51.0767
83.4424
48.5831
36.9801
30.934
42.6902
35.2494
19.272
11.9575
10.8735
9.84841
12.1908
8.38406
5.15592
9.45951
14.3117
10.5305
11.6033
17.243
36.5253
37.7693
28.2642
29.8255
42.8673
38.4464
79.8792
131.304
86.54
47.8086
46.2268
33.2297
30.1576
16.7606
38.3751
29.77
8.09645
9.48814
9.97798
16.2093
6.61578
6.25225
9.01623
14.6398
27.0604
24.7479
24.937
28.5582
33.2412
23.313
24.0728
23.1393
34.222
23.7045
32.8607
31.5994
33.5937
23.8696
17.4291
15.0676
12.9281
9.208
13.8269
6.47585
8.54611
8.1013
13.3286
10.1606
15.7639
23.0935
24.0256
19.592
14.9923
20.0835
15.8118
29.758
21.8868
27.5772
43.7572
32.7183
22.7608
16.9862
32.697
21.406
18.1246
9.31021
14.3469
10.1034
6.74906
9.25078
6.72165
9.24916
15.084
37.1319
23.3995
16.0728
36.0991
24.8504
39.049
25.3555
35.7181
20.4247
29.3454
24.139
33.3388
30.2834
24.9302
17.5023
12.5942
8.91253
7.63437
10.5234
14.7507
10.5486
9.00471
12.8357
9.89787
14.1837
11.1215
13.7666
18.1446
14.4599
20.5201
44.4557
19.8506
18.9401
20.8863
27.1814
26.558
16.721
21.4509
17.7332
13.0423
12.7171
6.88214
10.7645
8.56345
6.42704
12.1499
9.14847
8.13227
9.94484
10.7373
18.6668
36.0924
48.3588
135.332
89.6072
51.3387
47.4311
56.6866
26.1063
30.609
19.3993
9.50508
9.18678
9.69729
9.45482
8.92509
12.6257
12.5547
9.44266
14.3964
16.3538
25.4268
34.887
25.4357
36.0025
127.145
71.8851
43.0779
49.7589
26.8941
35.4967
31.3579
23.4377
15.5181
11.5908
13.9037
8.7375
9.82808
9.86451
12.7096
8.63902
6.28724
9.58911
9.48678
14.6061
25.2087
31.7656
16.0468
22.7096
26.2338
25.2066
39.0041
18.969
19.3527
19.1064
48.6104
12.7857
12.4983
13.7204
16.2241
11.0159
8.74518
11.8847
8.70216
7.10178
6.08749
9.43052
9.12866
9.55432
10.5494
12.4136
10.6457
10.1586
10.4104
10.3377
10.2278
10.8247
24.3147
37.7212
70.4204
54.4465
78.2615
65.8723
29.3777
27.1193
25.9567
11.7245
10.0347
11.4639
19.1559
7.60203
11.3137
15.3511
15.5775
21.4588
17.9647
27.1943
30.4271
33.0974
46.8196
92.3223
78.8046
53.5418
72.9094
60.0262
62.1024
63.4488
35.1875
30.0342
13.6632
9.6095
7.78083
4.14265
8.62532
9.69615
4.92752
17.4188
25.7873
38.1296
31.2981
86.9154
160.728
184.408
199.043
170.458
45.8086
97.2977
56.924
78.9898
49.6587
28.2945
53.7432
32.3169
13.4591
5.59248
5.68178
14.7003
8.46223
13.6131
9.76285
8.46732
12.7901
20.775
15.1025
11.8228
14.1032
21.4751
32.0549
21.4067
33.1706
20.8291
20.2207
22.7634
27.7609
22.0043
15.9713
16.9677
15.6588
9.19346
10.1188
7.17819
18.0252
4.46559
9.18551
8.69021
6.72633
10.4715
8.96967
21.8472
18.4009
38.0921
66.6338
46.2661
34.0818
26.0694
27.5102
27.0409
15.6861
10.9302
9.83807
9.69903
10.8619
8.95527
8.00296
7.16446
9.69129
10.4241
11.2399
18.9955
39.8408
30.3928
22.3247
21.9732
46.9451
56.2244
47.684
20.7362
20.2653
30.4062
26.2309
15.0133
14.0287
12.4353
11.8476
10.1505
8.63124
9.88518
6.08334
12.6805
9.90954
11.4551
11.1101
16.5184
19.1607
27.8369
19.2355
37.626
44.5267
36.7496
47.6617
55.5172
63.5631
91.2461
57.8406
69.6535
34.5985
42.0849
47.7944
28.4725
17.0134
9.21801
6.6575
10.7971
16.1502
12.3687
10.1414
15.8317
24.0639
18.1356
18.1707
20.424
30.4758
26.0302
23.8778
31.4582
44.3741
24.5897
26.4847
26.157
28.9792
35.7426
27.9388
21.5037
9.91919
9.56587
9.44028
10.3654
8.98034
5.83509
10.1353
9.78596
15.6669
20.3529
23.6996
27.9325
48.4973
223.011
65.8138
70.058
94.9629
38.8857
47.0673
53.8698
26.9736
17.8583
24.861
23.2123
9.96836
9.41864
10.0512
12.8198
12.6785
12.9761
17.2283
14.3114
10.8346
22.8046
17.9611
19.068
32.0947
63.7377
18.8448
16.1656
21.5433
39.877
47.3962
23.4903
22.1614
31.9201
36.6212
23.5332
11.7053
9.49239
9.56689
7.41839
12.6789
9.09247
26.8483
8.12693
12.2679
10.22
11.1294
15.0754
12.9697
20.6862
30.5927
25.9884
32.3857
24.8915
32.2439
30.5709
36.3346
56.505
42.9373
31.4824
16.5237
11.4886
9.24464
14.8323
8.13643
7.3119
11.9091
7.31773
8.70754
10.4386
10.3646
36.0235
87.6226
177.746
103.438
100.172
42.505
39.1992
24.9509
26.3772
16.8799
14.5021
10.7091
11.2242
7.65108
6.89412
5.7846
13.3359
8.92611
14.7989
12.1493
17.3552
26.7302
29.9978
21.6078
43.9471
40.5441
55.7999
53.1894
34.1271
16.4494
21.5047
22.6039
21.4206
15.1635
13.6433
12.043
14.3899
9.45131
10.9208
11.2727
9.46424
7.79984
11.0884
12.2755
13.8046
29.3092
24.1885
20.4531
56.7345
95.6575
62.2548
89.0553
349.642
73.8746
37.9336
36.2674
38.3521
24.4008
45.8099
33.0136
17.5977
13.4395
10.5508
9.36828
10.8468
8.56837
15.408
14.3965
15.5034
32.4985
27.6796
19.3274
29.943
31.8176
50.0321
94.4454
182.172
177.272
33.3434
41.167
45.0652
22.6661
17.7027
13.0259
17.1703
17.924
9.91797
8.01484
10.4475
18.2545
9.4884
11.2593
14.4169
30.0178
24.3744
24.1111
19.039
30.0075
60.4832
151.037
69.2413
64.4398
24.7967
23.115
29.8061
23.8765
19.9236
38.0546
25.5748
12.7821
9.56999
5.72568
10.4829
14.7443
9.6171
10.8543
13.2545
14.3117
20.5794
21.7999
19.2406
27.7778
32.4885
30.7724
43.693
32.7161
47.0353
52.7541
35.0751
75.7495
41.7546
28.5482
16.1145
16.7437
8.91807
4.7958
10.8594
3.46095
8.16768
9.28693
14.1236
10.8058
13.9152
15.9199
16.0431
14.4381
14.613
15.5524
20.1362
42.3104
29.8741
20.762
21.6776
27.2747
42.6181
22.4592
22.7211
11.2525
8.72149
6.82665
7.12673
11.8461
8.95277
6.33611
8.99295
8.63862
7.85656
11.1006
11.5556
23.6848
35.6906
18.7782
12.4488
11.6551
11.4683
11.2459
11.287
10.9613
7.47169
10.0134
8.92042
11.0555
10.2963
11.7141
8.94951
9.6936
10.9893
10.3335
20.7717
47.9429
29.626
30.5723
22.3551
45.5496
61.4644
87.2299
49.5962
22.9385
22.4624
23.9977
20.6162
29.0435
18.89
18.2522
12.0763
11.3529
11.0328
11.7363
9.59897
10.6859
11.1243
11.7482
17.3374
28.1537
29.6444
19.591
24.6931
43.0277
65.3422
131.226
56.5402
63.8462
51.1028
61.4683
72.9178
43.5741
23.6129
28.4376
14.9495
12.7899
9.67107
9.7602
13.7704
12.775
8.13129
10.5272
11.9236
17.0978
27.1034
27.0786
29.6529
30.8403
32.5944
23.9105
29.6169
32.2737
29.5696
31.1078
35.6789
46.0722
18.3936
24.637
15.0826
13.4625
7.02178
9.7424
8.73886
9.86503
18.5135
10.1225
14.65
15.5861
18.0972
13.0927
18.5609
20.0849
36.5605
48.2749
23.2956
44.7869
47.2348
28.4059
17.619
37.0447
38.8275
24.3406
15.7029
10.8353
9.33619
6.96841
9.2235
4.77557
17.4143
9.81209
14.7362
18.1532
22.5833
16.6458
10.6237
20.869
35.2391
32.9743
22.6759
46.0969
32.1768
65.502
39.3117
23.1293
24.3268
25.9758
22.2871
11.9135
9.41619
10.4459
5.93352
10.3277
7.16412
10.1278
11.6898
11.8765
17.8636
12.7548
12.4827
24.7208
22.1149
18.919
28.4235
39.2164
38.3882
18.2276
16.3103
18.9447
28.3621
28.6491
12.5694
11.4887
7.32193
9.96399
12.5696
9.83772
9.79013
6.05728
9.30206
10.4262
9.80535
10.9972
11.996
12.8873
25.7981
18.9742
17.9478
12.3984
17.9538
18.0011
18.9382
11.8028
12.6726
14.3262
8.16832
11.0754
11.2716
11.9028
13.7479
14.0819
9.77929
11.5571
13.0797
13.8869
18.6115
14.0448
22.9171
28.956
19.5978
20.4508
18.0895
16.4473
24.7624
40.35
17.578
14.9205
11.5397
12.1351
10.5859
12.3452
11.0884
10.0479
9.07462
6.97114
15.6527
11.974
12.6387
27.461
30.8874
19.1755
32.9825
24.0534
26.552
47.4418
49.3982
75.2299
54.6318
33.2139
37.2783
32.1413
37.0644
44.2093
16.8276
12.0298
9.53284
7.17937
11.1171
10.6639
9.75057
24.6751
14.1223
31.3678
19.2169
18.4364
24.2671
46.7415
43.0479
21.7577
24.2137
36.9306
25.4759
38.8594
20.1632
25.7581
19.4767
28.5553
18.6606
9.90635
8.29019
11.0481
16.8396
12.965
9.73557
10.0874
13.9732
14.8855
21.9237
25.1365
18.3638
31.9092
56.9341
77.5971
37.1233
30.6521
33.1081
24.0138
25.5512
37.4566
16.9922
25.5741
15.1667
9.83784
9.70592
9.85991
11.0713
10.3829
6.68982
9.67654
10.3969
11.3441
22.7056
23.6249
29.6804
26.3627
32.4226
74.3059
36.5035
32.883
27.7423
33.0507
41.993
19.6096
19.1104
25.2352
16.9625
12.9008
9.30927
7.89386
10.6357
8.92468
8.81347
10.5105
9.60051
9.83206
12.2951
12.0916
14.7258
12.6868
14.3516
19.2149
16.3652
20.363
29.3918
19.1223
39.5959
20.2537
24.3324
31.041
15.284
12.5506
9.68288
9.19245
14.5247
10.3175
8.68117
15.9513
8.7223
13.8699
15.0688
11.1402
23.1536
106.458
142.597
78.9693
42.2266
55.3727
35.6191
24.057
15.1045
17.3629
11.4258
15.133
15.8743
7.0444
7.56806
10.5884
14.2266
15.014
11.7043
12.7292
20.3785
28.0102
53.6934
27.5238
30.2546
35.2943
47.4554
76.6215
40.7383
21.6739
29.3778
20.1845
14.2462
18.4996
18.2477
9.78219
14.2059
8.78731
11.047
7.89039
12.8141
11.4773
10.3551
11.232
18.0237
33.5504
25.2609
20.6079
21.8871
23.406
41.7897
34.3163
22.0203
31.2367
32.6005
39.3368
62.3578
32.1556
27.1569
35.6123
32.2371
19.3005
7.49741
10.3615
11.8314
6.28582
10.0853
10.1388
10.6418
23.8668
32.7658
41.3759
20.2182
21.7664
51.2336
30.6301
26.612
40.0997
30.7913
23.2369
35.1986
23.304
23.719
25.3441
22.1822
13.6431
9.61234
7.18702
10.4151
28.6347
9.59705
15.3916
10.1646
15.0963
17.5129
25.0669
20.2954
20.4198
50.9437
52.9548
17.5002
35.4692
27.1362
57.8398
21.843
18.9198
15.0808
26.598
42.935
14.5586
9.13183
7.68957
11.3349
12.2747
9.46593
7.4717
10.6265
20.7712
21.9739
24.7679
15.771
18.5096
22.0854
29.2708
28.3252
37.1082
38.7222
32.8667
25.5767
25.1303
17.8208
25.7722
17.9961
16.1659
9.35588
6.79388
10.4513
6.79781
9.35568
13.3907
9.80999
13.7923
15.4039
12.4284
14.9018
28.8174
127.991
72.0447
40.0535
81.0661
25.9207
20.1227
19.2463
14.8523
15.4529
19.8991
22.6209
8.73155
9.61946
9.39047
9.65206
6.59534
10.2532
8.48874
9.47593
8.61916
10.7757
14.7793
17.1863
37.5463
30.5573
54.5214
37.719
40.1938
29.9691
42.7932
32.1235
25.4573
22.258
13.9865
12.192
10.1877
7.62953
11.2535
13.2129
10.671
15.7194
16.3947
19.4072
31.2221
38.521
32.7708
33.7284
38.7145
50.5519
44.7648
21.1059
20.4366
44.7018
54.7604
34.1384
19.1171
25.6956
13.0932
10.514
11.6936
10.8851
9.40031
9.40267
9.65005
10.3305
11.1275
16.2478
21.4637
24.9275
17.9582
27.8043
120.513
92.178
50.1721
45.0186
62.1843
67.0335
57.3591
37.853
30.2764
34.3819
48.2389
16.213
11.8122
9.40403
6.7455
7.95383
9.83038
9.99435
11.4624
8.49365
23.2021
33.04
26.037
20.5106
22.0984
30.7507
32.1021
15.7983
47.8789
33.6142
21.5776
24.3358
30.415
33.1811
24.97
24.4203
13.2876
9.41731
15.2895
7.76368
8.94424
7.12668
5.94908
10.9309
10.9327
11.9835
20.2371
17.3443
19.8347
24.5265
56.9265
52.6687
28.5871
35.0422
35.3429
27.7046
22.6699
26.775
26.5126
22.3613
11.5823
9.35585
10.1671
8.65857
8.62814
9.46249
9.06159
10.1108
13.8006
14.1941
22.2557
18.0141
30.3027
30.3586
22.876
30.0809
42.5818
46.0996
22.2793
16.2537
16.4778
23.9395
24.312
20.8113
12.0512
9.54235
8.70559
10.577
17.1146
7.88962
11.9075
12.8988
8.72586
11.0439
14.371
15.8663
16.4266
14.1838
23.9579
41.7785
34.8242
18.9167
24.7421
18.0763
17.9898
18.1103
12.499
10.9083
6.77939
10.4443
7.19775
14.6261
9.6766
9.9974
9.7867
7.47563
11.675
14.9685
11.7274
18.4604
62.2809
52.5364
55.7437
40.6813
29.3263
29.6115
29.2224
20.9048
26.6351
16.426
10.3323
18.5139
11.0399
7.2847
12.0125
9.70637
7.63156
11.6935
11.0207
18.7686
29.5178
29.0707
34.7064
35.9328
40.1659
19.7722
23.9956
18.8127
18.3699
18.7191
21.5414
24.0627
13.6472
15.7763
15.5319
12.704
15.5241
7.66536
10.6412
14.1
10.1863
14.6051
14.865
32.8942
26.6897
18.4565
16.6184
28.3576
48.3107
106.985
63.7741
172.72
18.931
35.4244
42.6982
35.6523
32.4062
29.2807
34.1286
22.4412
23.8326
9.13668
10.1831
14.2848
12.6019
13.4773
15.4872
11.4771
15.8682
22.895
17.3354
17.6355
20.6643
21.7728
27.0127
51.944
70.8245
59.9098
32.4042
22.9813
33.9445
21.3677
24.0683
22.6769
10.0275
9.38143
9.50204
14.1107
8.97737
9.41984
7.02082
10.0966
15.0585
22.1788
17.5491
16.9456
27.4008
15.9268
46.7313
30.2667
27.9976
23.5463
22.609
32.6808
35.3716
24.9326
21.1599
18.286
13.1431
9.24747
10.394
8.1349
12.6511
12.6542
9.46294
14.3129
13.975
25.207
32.0471
12.4598
22.7447
27.7711
33.0904
48.1006
34.3818
46.7796
23.1036
30.2517
32.7564
25.2461
27.2358
17.1142
9.75219
9.22459
12.4511
8.06489
5.81542
8.13323
12.6599
9.86913
13.9022
10.347
14.1417
16.7749
13.9176
16.802
23.0748
25.4118
20.3525
18.7348
18.8521
20.8308
26.2739
30.6758
40.174
30.244
10.2025
8.1395
6.76551
3.94642
9.96244
8.42791
11.0505
10.0774
12.428
7.94228
15.4855
14.7367
25.5665
58.8585
57.9826
38.0027
20.2147
40.0561
31.0819
40.6147
18.2102
14.3578
10.3603
14.1331
7.82852
10.6771
12.1891
11.0979
14.1071
11.6089
11.9299
20.7432
28.8957
29.4311
15.4109
15.675
31.7302
25.6979
30.4241
23.1128
21.9409
14.888
21.7868
14.9695
13.8643
16.565
11.2941
9.74729
8.0002
11.2665
8.39419
14.5141
10.1275
11.739
16.7212
19.2673
40.8211
49.1765
29.61
34.9761
31.0941
41.6501
99.0108
30.2008
59.1075
62.6474
10.8784
64.4719
28.7946
31.9647
30.6631
18.1742
11.2687
11.9463
9.50175
11.058
9.9638
19.8679
10.1266
10.4446
14.4573
27.1645
19.1153
17.6807
27.9586
39.4449
27.2903
39.5613
19.7818
27.7561
22.2809
22.2332
22.2525
29.1755
18.8986
18.8553
15.9649
9.17942
10.3868
5.71969
7.53045
9.82798
10.197
13.9358
14.3815
14.3527
15.215
17.8465
20.044
41.3274
70.3062
49.0188
31.8454
31.612
23.6697
31.045
24.0916
47.2607
22.4965
31.3882
12.8309
14.0493
8.09762
7.66793
9.19656
12.0689
10.0075
13.9681
14.5579
15.6349
24.0634
16.8066
20.9801
57.9946
98.385
19.2794
40.1206
22.9943
22.6699
23.8672
24.6663
18.0596
23.7486
24.3638
17.6635
9.30661
9.96963
10.7998
10.924
15.228
9.27746
9.68761
13.7785
13.4833
14.3924
14.785
21.2882
27.2692
44.0768
26.4957
22.281
21.9983
15.77
27.9688
27.3468
49.5757
30.4388
17.7655
12.8718
13.3576
9.83635
8.94994
7.02404
7.45716
6.16802
12.6763
12.4305
14.1365
17.1766
11.7957
40.4157
36.183
76.7714
38.5914
43.1998
32.8443
19.9872
28.2234
17.2126
11.284
10.1547
11.5845
7.46529
7.53334
11.6083
8.7718
10.8184
10.3387
13.0798
25.7716
28.7278
29.2816
20.2618
19.8046
30.9288
23.6986
30.5083
19.5073
14.5949
14.7396
15.5366
14.823
12.3196
10.7767
12.1617
7.26708
7.96142
7.66363
11.0903
9.6982
13.5443
10.9685
10.2321
15.4245
31.0012
28.0427
21.3097
33.2127
32.9507
27.3384
36.8818
36.6904
62.0405
38.0754
28.4357
42.4304
37.7481
28.3689
35.6095
23.1509
16.7069
10.3559
8.25771
11.1321
4.45239
13.9636
10.7119
22.1751
15.5642
31.1297
30.7794
24.9259
33.3671
23.6658
33.6983
39.1309
24.9543
33.9137
23.9862
30.031
34.1445
39.4861
41.814
25.6423
13.6643
8.70537
7.6458
10.6792
8.85705
9.57356
10.4767
14.8667
14.5101
24.6823
21.3425
20.6051
26.3682
36.4629
48.9938
26.5587
24.4351
31.0262
24.5349
17.08
25.7981
31.448
46.0896
25.1131
13.6154
9.95917
10.7631
5.24229
15.9032
19.4066
18.8321
10.2185
26.8736
24.1218
27.9967
20.035
49.0077
25.6735
50.3144
30.6372
33.4178
24.0025
48.1259
29.7766
30.8678
42.0966
49.6949
19.7666
14.1389
8.07139
9.9395
17.4425
14.0807
8.20073
9.16839
8.30023
10.4915
14.0858
22.6368
37.8954
33.0525
24.8657
40.3845
46.2
32.6483
31.4827
20.4488
22.2636
21.591
36.5585
36.3395
25.0935
12.7155
8.91539
8.79296
13.8717
12.1658
8.79807
8.676
7.76708
9.43585
10.6006
11.6504
18.8879
53.2948
87.9223
129.564
50.4807
56.3041
120.153
56.3418
103.312
100.554
22.4434
16.5755
11.7705
11.7371
10.3677
10.8025
11.9505
10.7411
15.2395
16.3901
19.9476
31.7345
44.2083
12.4306
20.7869
47.3222
44.1133
41.2153
31.1358
21.598
20.8581
16.8971
14.1346
13.3674
20.9289
11.8444
10.6898
11.6981
10.9337
8.15854
8.04433
9.88258
8.58057
11.2528
17.8265
27.3259
24.6982
19.251
29.0503
21.8221
39.7331
210.653
35.5579
87.2966
35.0331
23.4435
32.2482
24.2604
50.6745
38.2373
17.9374
11.2917
9.38633
7.12486
11.1119
12.9281
9.9893
10.9704
14.5199
22.8734
26.1163
25.5165
29.1301
50.0544
38.7958
59.0383
39.9246
54.9658
48.0385
25.9889
44.3999
27.9641
31.7548
25.7747
17.9836
9.31697
9.42213
9.77627
7.12288
9.07267
9.75517
10.1191
14.4598
14.663
21.8795
29.2672
22.3092
28.7888
21.6714
49.6271
30.5157
40.9152
27.8568
31.438
26.6053
49.3587
42.016
23.6573
15.6127
12.9011
7.23278
10.5092
8.34947
8.99671
9.47494
6.90146
10.7391
12.0402
20.7649
19.6082
16.7316
19.5384
31.1969
30.5323
31.9153
98.4604
63.6118
23.5423
27.8988
106.623
49.7321
52.5255
22.5625
6.41575
7.10017
10.375
34.5275
10.6627
9.44433
9.43271
13.2921
14.0746
14.9012
22.8698
42.1084
77.5094
35.121
43.5816
71.4063
45.006
27.7592
41.0319
54.9359
30.8145
39.809
34.1566
23.207
16.9226
9.54672
10.1161
9.93671
10.137
10.2374
11.8804
13.1598
9.30737
10.7081
15.7245
11.9021
15.165
23.4789
14.8107
15.421
11.2191
14.6253
14.5854
14.8586
14.3725
10.8232
9.84106
8.00682
10.8696
8.95375
10.5353
10.004
13.8436
15.3347
15.4408
17.3287
45.1951
31.3126
19.1972
19.6433
19.4445
20.7519
17.3351
13.249
20.5789
20.3925
32.5335
33.7793
31.3162
13.8353
12.811
10.2381
8.54589
8.45271
8.41844
12.9556
12.6778
10.6624
23.464
18.7361
26.8246
25.1685
20.5071
20.7908
31.2332
35.5647
74.2205
53.1567
35.2574
24.2852
22.8393
20.6714
37.3839
29.7494
29.7612
16.0657
9.00117
9.50942
10.4663
11.347
9.93626
10.4298
14.1667
15.0068
24.2166
26.5113
20.051
15.6267
16.8839
24.9044
26.4975
16.7572
48.1183
34.3935
32.2922
15.1086
44.769
25.6323
15.1752
15.1425
15.3018
7.59361
9.60525
8.74847
12.2482
7.8008
9.00472
12.4137
16.081
16.279
27.0587
33.1745
153.524
70.0382
78.8124
34.4357
45.2414
38.1991
26.5664
29.0122
25.1821
25.9803
19.5236
16.801
10.9955
9.9447
7.82138
12.0849
12.1877
11.0746
12.7122
12.9796
10.0864
14.2401
23.0144
15.132
40.2313
132.363
38.2736
35.4302
52.2055
30.5487
45.106
20.5264
62.6666
61.7954
65.7949
15.6724
14.5806
9.33955
7.37763
7.45268
7.72232
9.27051
19.0286
8.25176
9.33679
10.1633
13.0126
11.3545
8.25067
11.8349
11.7524
13.9823
13.2802
12.8455
13.0468
9.03814
12.5476
12.5821
10.666
10.3969
9.55931
9.27547
14.5874
8.97169
8.86536
9.41931
10.7726
14.9175
14.1902
27.1987
23.1673
36.2564
26.059
52.0546
35.3291
23.2954
17.8329
25.6363
16.9493
17.6791
14.6116
11.5892
8.90352
9.76117
10.375
9.5352
11.429
9.75399
9.92091
10.5851
14.4538
16.0727
46.1646
27.6384
23.4027
24.6689
27.7627
18.7905
62.58
24.1714
12.0917
24.209
27.4287
12.7428
12.7471
14.9434
9.56854
12.282
11.097
10.1581
10.209
6.29013
13.5724
13.4548
15.0769
26.2217
34.1997
18.3182
23.6304
28.0857
19.0378
13.7007
28.4446
58.4061
30.3336
52.271
58.3753
43.3472
38.8633
41.0391
127.083
16.999
9.87513
8.21717
13.7008
16.028
12.6501
9.40468
9.49027
20.2092
22.2964
24.7647
18.6474
39.4138
42.8997
61.0773
68.5369
42.5591
36.4835
37.7095
40.4664
38.3948
21.4797
20.4091
21.6845
14.0043
21.5059
8.52048
9.51479
8.16253
17.9776
12.8169
19.4184
15.4148
17.2672
22.1425
24.7434
24.7258
61.8173
29.0554
60.6002
19.5095
26.1578
45.2229
40.3472
32.1681
31.7665
21.944
37.8252
18.4072
10.7237
6.27153
9.72223
8.10912
10.1053
15.4374
12.9875
14.2356
10.1692
15.8969
16.0805
16.6745
13.0189
14.0352
31.3341
17.315
26.9312
25.6107
33.7718
17.8542
24.1878
17.2772
19.0109
15.296
10.3489
12.8202
9.51471
12.6318
12.3573
7.3291
9.53473
9.90125
9.83179
11.7762
15.7824
24.0345
48.2853
39.0993
51.2322
26.6353
25.41
18.469
17.5336
22.3077
23.8916
19.0811
14.5107
19.0597
15.4137
9.33193
8.58584
14.6078
5.94298
13.5094
8.73639
8.69908
8.96992
8.93872
6.57506
7.6242
9.91519
7.7032
6.17684
7.05356
10.2116
7.66429
10.5341
8.07813
6.75836
28.0845
6.87776
nan
nan
6.98297
8.1513
nan
11.7664
13.6528
11.7938
nan
14.5041
9.95045
10.026
13.1235
8.74864
4.65015
9.80509
9.65401
6.84264
10.3683
11.6062
7.68873
8.23354
10.6786
9.92314
13.112
8.22414
15.7359
11.1231
9.15925
12.929
8.87332
9.48461
12.9523
18.2853
25.7274
17.8899
18.6418
13.4074
12.9673
20.2596
29.4817
51.492
61.5476
87.431
38.2152
64.875
45.3329
28.9252
19.0871
9.90634
8.36429
8.64139
13.5739
6.99945
5.59309
12.4076
13.4686
15.0964
22.4821
15.2349
16.7963
19.7661
58.996
30.697
28.2406
41.5687
41.511
80.9377
64.6821
37.2101
21.7448
19.9509
14.8254
15.3369
12.2614
9.78112
10.7408
8.46793
9.30136
13.5311
14.1237
15.2104
27.9439
15.3133
19.3316
32.1213
35.4983
34.5874
28.3495
44.6799
20.8866
40.4751
22.0003
28.7542
29.9312
30.8189
18.7074
16.4173
7.56319
8.13474
10.5303
7.64067
9.31049
9.19119
11.6374
14.631
21.6814
17.5233
16.0353
18.7442
27.776
50.3748
27.507
47.6642
22.0264
44.898
32.0711
30.9138
30.4925
29.2631
23.0589
12.2388
12.3883
5.02501
7.23919
3.13319
18.659
9.54169
9.88474
14.8546
13.9218
10.8154
11.2164
17.2252
14.2481
26.0435
27.4229
28.0317
25.2196
21.0672
13.425
19.1512
36.2333
27.9927
18.4659
14.661
8.26954
10.1184
6.58171
23.2967
11.2613
11.4665
7.96821
9.49854
11.1924
25.1769
37.5018
36.3271
161.751
23.2905
13.5703
19.044
27.4153
18.298
16.7243
13.1105
10.4884
8.63099
8.22948
10.6641
9.0525
5.42114
12.8087
12.6898
9.77986
11.1817
19.9944
39.8501
37.7985
16.8918
18.5554
26.2783
26.5645
18.2469
12.3268
17.6255
17.8955
28.6248
9.9323
13.2226
12.1778
10.9672
11.0688
8.03679
4.92239
8.48969
8.51596
13.203
10.1085
11.7794
14.9459
16.7092
23.6785
19.4459
32.5047
122.535
65.5305
45.1619
229.538
73.9297
148.308
78.4003
69.5873
40.0069
40.3725
30.7349
18.0022
11.7601
7.91824
10.151
10.9673
9.64682
8.88427
9.89945
13.4057
22.0581
30.308
16.231
17.8472
31.3405
56.5305
95.3695
79.6112
55.66
43.0407
32.9898
23.1458
21.4845
21.6308
24.6398
26.9647
17.0352
8.91023
9.77029
10.5389
14.8761
13.1256
10.2034
14.0467
15.1841
15.1282
25.1358
23.5655
45.161
88.9297
155.459
59.1499
60.4814
38.754
47.7518
34.8489
36.1481
37.6898
34.0964
21.0347
13.887
9.00707
10.2289
11.4745
7.70206
8.58452
9.04783
11.3494
12.5978
30.8003
24.1994
16.0466
19.6389
43.4868
27.7453
21.5173
30.9435
33.21
40.6413
42.1592
31.2886
31.9607
46.6798
22.7466
11.8046
9.49405
9.67207
5.5577
23.4108
7.99243
7.41616
9.44851
14.0436
12.1243
14.2372
14.4277
15.5347
26.2338
28.5993
18.5961
32.9037
40.086
26.1627
19.5946
27.7982
30.7647
31.2276
20.6423
8.78228
8.52688
6.81487
12.2417
11.7527
9.90487
10.3909
11.2317
12.7699
15.8042
24.3493
25.8056
15.9
38.6643
33.4373
39.6277
29.6577
55.2428
33.3469
20.4203
12.8419
16.3628
10.5004
16.2507
13.23
12.6309
9.51112
14.3524
3.71219
12.0746
17.2478
17.2982
26.7956
26.7468
20.4706
26.7323
38.525
26.139
24.762
12.3458
16.7459
17.1931
18.0466
21.6787
19.2407
12.9027
11.8386
14.0333
12.075
10.95
7.90203
9.54094
8.63025
10.1607
10.9485
17.2752
43.6299
35.4159
16.8479
44.9292
25.596
31.3223
67.7441
358.241
96.6426
184.445
56.1503
128.566
43.3793
43.0184
31.2465
29.5902
14.4416
14.0149
10.233
9.9181
14.7266
10.1122
9.91911
15.1745
22.4809
24.2045
14.9522
25.9194
47.1045
45.6212
41.4109
22.3236
44.1283
49.6032
32.1332
34.8768
22.6282
18.6103
30.1937
19.8587
12.8022
9.05218
7.07122
11.2029
9.02203
13.1294
9.82075
14.1588
26.557
30.0504
24.0979
34.9305
53.8062
45.9087
62.2609
31.1693
30.5529
39.7486
50.6986
74.0866
65.2159
30.4306
24.8338
14.839
15.7671
9.28026
10.17
21.2918
8.27584
18.9954
8.88504
12.4471
14.7585
29.9717
56.6257
16.9863
20.9934
48.3894
39.9338
59.463
57.6557
67.3472
37.9726
29.9082
55.731
30.2566
18.361
12.8319
10.077
8.86393
7.07794
5.21212
8.49792
21.8117
9.19867
7.33597
11.1235
11.6422
17.0127
14.6014
23.1722
35.3804
20.5781
27.7444
37.1429
25.7288
17.8084
29.2881
28.1641
20.0421
29.8889
20.2238
8.03413
8.82373
8.92093
9.91927
11.3939
8.78572
17.285
11.0897
9.5343
14.8077
12.0747
11.8007
37.6046
32.4538
32.2263
23.7073
22.2116
37.6996
23.7822
21.9011
14.6482
10.0659
9.67599
14.3487
9.15869
7.73457
9.38858
9.39961
14.4763
11.1194
11.6975
17.2155
25.2157
29.1565
16.0288
19.3194
66.1887
28.3905
25.1215
18.3951
12.1212
20.8961
26.6601
13.655
12.8562
11.7518
10.7583
9.50958
8.45522
10.8473
10.3931
12.1067
10.0454
9.8504
15.3141
18.7204
26.8101
26.8962
24.936
35.7609
57.0104
92.4655
21.0997
48.3232
58.0348
44.6435
82.9922
37.0187
34.0506
29.3531
28.9088
17.0801
12.8471
7.18743
9.83458
5.49527
10.2031
9.61493
14.4821
14.1023
24.6481
26.4193
18.2089
39.2627
52.1916
100.249
77.5147
34.2288
31.9784
74.0129
42.3932
40.7156
39.0453
34.277
48.2376
23.7616
11.9299
8.87442
7.35373
10.9624
6.16341
9.1942
14.3283
13.8163
22.7662
21.2648
17.1834
28.47
58.3225
88.12
71.2081
46.0401
32.296
41.8123
47.7052
47.0171
34.1612
24.9909
25.1245
14.3512
12.4781
9.15855
15.2536
7.78037
8.68379
9.38012
9.70654
10.9332
15.9748
28.1037
22.4665
17.4191
29.3043
59.3383
66.6595
62.3081
32.1044
26.8098
22.7511
24.9005
42.033
41.4664
43.6437
21.7825
11.4529
8.77145
10.0525
7.54821
12.5436
8.41737
11.0414
12.1946
13.7227
12.9005
12.1043
16.1794
12.3395
21.9125
50.9158
43.0211
37.8606
46.2804
20.1325
24.3513
33.1435
33.8828
39.9766
18.4476
9.11834
12.412
7.46377
7.23449
13.4996
5.36706
13.7142
13.7236
14.2672
12.0834
16.5087
11.8268
16.8586
25.0355
25.6647
25.9321
24.7789
23.9133
16.3885
16.3572
12.3265
14.3057
12.4129
12.3243
10.2816
10.0394
8.34023
13.5106
10.6558
11.5856
12.3283
13.6341
29.6459
28.8454
28.0197
25.8002
41.4808
28.6823
20.1899
21.1221
14.8602
29.0159
37.8765
13.9054
13.2548
12.3902
11.3281
9.66286
11.0659
7.76923
10.1911
13.3999
10.4117
7.52094
14.7606
16.0106
33.6522
18.5233
19.2668
50.5998
36.8931
55.1756
59.638
30.7454
33.5714
47.711
57.3786
45.219
74.4874
30.3547
23.0779
10.3535
13.0951
8.43422
11.6326
12.972
13.4093
14.3914
10.511
19.9433
26.6554
27.0065
19.4296
40.6079
45.3921
48.0137
88.6684
183.314
60.9969
108.683
33.0374
31.5125
22.6298
19.6796
17.8341
23.0269
11.5878
8.8811
7.07338
16.845
9.35021
9.88485
7.212
10.2155
23.4593
34.2722
38.3095
40.3687
71.1174
48.6773
57.612
44.3929
33.734
59.2027
49.5096
40.4686
53.6373
19.0512
19.1246
16.2522
8.26558
9.46398
7.53004
5.96717
11.1173
9.94671
8.08779
13.9085
14.1984
25.4866
26.4209
25.7218
46.1441
43.2832
35.7007
48.1234
23.9333
35.2124
23.7415
33.486
23.7673
28.6138
35.7841
22.8421
17.2624
13.3625
7.56887
8.84289
2.85304
7.55772
5.76298
9.49809
13.2786
14.8241
11.9737
12.1306
26.2336
24.1476
33.7164
25.5135
33.4598
21.7491
15.9903
20.2448
26.1164
52.4433
20.8028
14.9808
11.2316
9.24603
10.1898
7.77959
4.49953
8.77445
9.91405
8.4802
13.5328
15.4014
17.149
15.8121
17.0361
24.5224
21.7502
16.2064
23.0996
25.2539
22.5551
12.4531
14.6039
13.4229
12.4545
11.9114
10.2587
10.2817
7.92353
9.42942
10.1406
11.8432
11.2805
18.2897
29.1076
28.2013
13.6943
17.2873
38.1324
19.198
16.5279
17.9552
13.014
13.1819
19.1166
18.6266
12.1672
11.9737
10.9882
10.3653
11.4695
10.2101
8.57065
7.05282
9.45034
11.2996
15.3594
24.6203
87.7493
64.9756
109.501
130.777
68.9972
44.0535
71.7278
156.38
183.493
79.7906
50.9586
32.5998
30.894
23.0979
25.6336
20.2506
16.4036
8.31767
9.52537
11.0641
13.2989
10.1087
8.11793
10.4726
23.6852
24.2007
18.3258
46.2155
37.5703
35.1189
23.979
44.3195
35.5076
28.4692
47.5463
36.0727
33.1193
35.7065
32.2016
32.1019
13.3768
8.81931
9.56543
7.53764
6.04438
9.38115
10.0726
10.9576
11.6881
23.2655
46.9185
57.7513
72.4705
197.586
75.6278
85.2477
80.8929
35.3193
44.8548
42.6169
35.8741
43.7486
26.1543
24.1887
12.1185
8.82291
9.63445
12.8403
12.2641
8.98969
7.10044
8.10361
21.0073
25.7154
39.6382
21.9481
35.8819
50.8324
67.997
45.0996
43.1943
32.5033
24.5193
22.4392
22.7429
23.9357
27.6726
23.0792
9.13684
8.94679
8.35417
14.7574
12.4448
13.0955
17.5616
12.7053
10.2094
16.1957
14.9641
15.5302
16.364
38.9494
30.6343
30.3252
26.3471
18.4115
18.4142
33.3607
25.4074
26.8542
14.4776
14.0129
10.9606
8.81597
7.1739
5.20628
11.788
5.36925
4.17093
12.3813
13.2979
14.284
16.5186
15.3282
11.6267
23.2919
22.048
19.9689
16.3916
22.605
15.7119
11.7828
14.6626
13.7568
9.90654
13.3725
7.97069
6.65099
10.5063
9.19053
10.3815
7.17069
16.2643
17.6252
28.3762
28.0563
13.6289
12.9765
19.8469
25.1907
18.4242
12.4394
13.0503
14.3
19.7522
12.9345
17.992
12.2605
10.381
9.91915
8.83632
10.6682
7.51826
12.256
9.64549
13.8718
11.9223
17.5332
27.7781
26.0263
18.0383
21.579
27.3027
21.1351
23.3582
44.591
102.852
45.1097
21.628
21.0897
32.0778
63.3341
36.2896
20.8492
10.7557
8.71662
9.82024
11.7041
10.8493
7.18862
10.8398
15.4136
30.3404
26.7189
32.8449
28.9514
51.988
31.3896
45.2372
29.4026
34.73
23.5976
21.23
25.1978
71.0424
21.9723
24.7994
16.0508
12.9988
9.15795
9.98051
8.63089
12.6842
7.12566
10.3099
10.616
15.4612
15.7671
23.2096
36.0546
47.7452
46.9262
66.5491
67.5171
59.258
35.9624
33.8548
25.2388
40.9626
47.3579
23.6695
14.649
11.2124
9.24743
7.07315
10.5526
8.4166
9.00999
6.87766
13.7285
16.1225
21.3161
19.5885
16.0993
26.8373
30.2242
43.7835
32.3778
31.2375
34.0952
25.7747
20.276
20.1112
23.74
18.0921
16.0319
11.7224
9.01318
10.0707
10.5325
8.59349
6.49254
8.75086
6.10267
13.7889
12.9999
11.1962
17.3649
13.5223
20.1466
21.492
25.8897
29.5032
19.4308
20.4256
20.0534
20.4775
55.4173
40.9824
18.9983
11.8721
8.52662
8.95182
4.93781
9.50102
17.0108
9.06942
7.77384
10.6865
14.9374
10.8227
10.7868
15.5504
16.9275
15.9349
12.7989
15.535
30.5495
21.6738
13.5392
14.4175
10.2989
9.06203
11.1845
7.01252
10.0763
7.73113
9.58425
14.4947
11.4026
16.1259
18.3653
64.8281
27.5186
13.6467
13.9187
28.8432
15.6881
33.3181
13.1748
12.9565
18.4066
13.4762
18.7865
10.2996
10.0952
11.3317
9.75807
7.98749
10.0725
6.96762
12.5744
9.557
14.5633
10.224
17.0378
34.7884
61.1891
25.4641
35.0958
58.4054
35.4976
54.0164
57.9462
48.7041
116.513
66.5024
52.2931
46.4469
32.0829
20.326
22.9553
9.30424
8.89598
9.88304
11.333
12.8004
7.22287
9.47845
10.2866
22.2211
29.6845
16.2261
16.3287
22.3902
19.9171
48.9337
31.3562
57.961
55.9207
29.0115
29.1046
31.064
24.7089
17.6257
16.9552
14.9324
8.8356
9.65814
10.893
9.38447
9.17189
9.54289
13.9313
14.8096
15.0186
15.4362
17.544
27.2453
26.8731
54.475
31.0784
46.996
31.9948
33.5553
30.502
22.683
29.2833
22.5929
14.7135
14.2751
8.70199
8.36909
10.9537
9.44195
12.8658
13.1583
9.99027
13.705
14.2961
14.5989
14.062
23.1116
48.5284
35.2739
18.1189
19.2942
19.2517
26.8878
25.7179
17.6138
24.4864
37.595
20.5413
16.4026
8.90619
5.69743
20.7133
5.65265
12.843
8.71262
13.0969
19.417
145.097
30.8345
46.8037
39.9963
30.3946
17.9048
9.92949
13.2684
10.4364
12.7363
12.813
9.79556
8.34424
11.3356
6.94213
10.2188
9.44641
10.0478
10.2602
8.30382
9.63155
10.0183
9.41008
9.62691
14.457
14.1586
9.97105
13.2527
32.1956
22.5942
10.8697
10.3775
31.7096
16.3633
17.9506
14.0834
11.5265
9.95604
12.3957
11.0555
7.28524
6.17923
12.0724
9.51301
10.29
9.80278
15.487
34.2413
34.8071
15.8079
19.0126
31.1262
17.3029
12.003
12.3137
11.6369
21.5259
18.4212
12.8591
9.7511
10.85
13.8683
9.08579
7.89012
9.62072
10.09
10.1304
9.1003
10.441
9.7247
15.1983
22.5079
33.2187
15.3934
23.0094
23.3591
13.5619
20.8895
90.1441
114.682
338.763
68.8228
46.2611
45.3381
31.2279
30.4147
20.2286
14.438
7.37812
8.10531
9.56109
6.66968
10.2502
9.55957
14.9667
24.3793
33.7825
36.4166
58.7913
37.6965
53.9094
148.482
109.36
59.8526
29.6905
22.6274
23.9506
33.0725
34.4448
47.2454
19.5595
13.0056
9.06316
10.4479
8.00826
13.5359
9.90159
7.37353
10.1061
28.2713
25.7731
16.056
35.5017
219.467
52.8223
85.3754
63.0832
50.3905
32.9753
61.4584
17.2405
32.8542
36.4619
24.2448
20.7972
10.8863
9.09133
9.51306
11.5123
11.8994
9.40829
12.8874
13.277
14.9688
22.8129
15.6757
16.3933
28.8443
33.2202
32.6695
22.2065
29.9853
24.006
33.1519
86.9317
47.5138
25.9482
35.9161
23.1835
12.2604
9.23991
9.45877
10.4164
3.65371
10.823
12.6279
13.8191
13.4317
14.346
14.7438
14.644
16.5465
40.2704
37.907
26.6787
29.4328
28.1652
19.9226
29.9122
24.9192
20.1216
38.0866
28.5195
11.6497
9.7541
9.63081
8.54168
16.3245
6.36705
9.36546
13.1208
10.039
14.7141
16.9092
29.8526
25.2155
61.7381
54.1726
47.6705
57.3984
42.193
23.3782
28.364
21.7152
14.5976
10.6434
11.5781
7.78568
7.56902
10.589
8.71019
10.296
10.2349
12.626
29.2038
49.8829
30.9455
13.8736
19.1197
22.0523
33.7101
58.8299
46.3531
38.3984
18.1365
27.1985
19.0967
16.2592
8.90353
10.6864
9.86022
10.8419
8.70831
6.96761
12.697
13.4555
10.7071
14.8722
17.8247
37.2716
35.4981
18.255
26.1289
29.1273
57.0236
50.8886
47.8843
108.07
47.7021
66.5475
50.6543
78.179
61.7255
46.0903
15.0422
10.8223
8.81752
7.39652
12.3691
9.77545
11.8232
10.5475
14.8049
36.2353
26.2017
29.238
35.6744
31.1556
24.7567
18.7783
57.9529
36.6354
26.1002
48.8027
35.8412
34.9159
31.6088
19.635
16.0306
13.1272
8.48235
10.5541
10.7765
9.06091
13.0241
9.87745
13.106
30.2578
29.702
16.1799
19.458
30.3228
46.4329
79.6164
72.704
44.3094
54.7533
46.608
17.129
12.856
27.214
25.7845
29.8001
9.25186
9.08892
9.89147
11.8452
6.33339
9.06381
9.81957
10.7212
14.7984
25.0654
15.3519
15.7497
40.2053
34.9438
76.5464
125.91
91.8813
32.744
33.1736
26.8534
31.3659
18.4724
23.3745
15.1072
13.6111
9.11016
8.67651
10.4809
21.9682
9.57747
9.05607
9.14136
16.9743
15.6666
8.57226
14.5674
18.6638
20.8181
11.0504
13.8397
20.4574
30.2832
15.8075
29.7482
26.2234
14.5239
27.9999
27.3446
8.80747
7.36122
9.35481
7.32802
8.65519
11.9922
8.70013
10.8308
10.5044
11.6668
11.2481
10.4977
12.6095
24.0577
16.7062
15.7786
16.3422
23.1326
33.6109
16.0286
11.5291
10.0395
8.2944
9.17327
10.4686
9.69878
10.581
8.68152
10.2208
10.4685
11.115
17.702
46.2182
34.63
17.3221
18.9384
28.3532
42.3244
69.7704
27.8883
13.9424
17.4183
18.8804
14.5942
13.3521
12.4476
11.3304
10.5488
8.39711
10.5335
10.5867
13.0056
10.2213
14.1372
11.8269
19.7207
24.3102
26.2468
24.3007
54.8479
61.7731
197.968
97.3602
141.691
148.236
52.6111
83.424
32.3665
28.4075
31.2192
22.3409
17.3706
12.3129
9.72465
9.63251
10.3836
10.3712
9.90667
7.6804
10.2757
30.5376
32.629
27.6746
36.4726
41.6549
32.8048
80.3774
42.929
59.0365
33.2184
33.4782
22.9362
18.9256
19.1184
36.8869
21.3733
12.3417
8.84232
14.3185
7.87539
6.2968
8.986
13.4089
13.3294
22.6085
18.5413
17.6712
33.4267
23.9998
33.9084
133.611
44.364
97.6471
48.641
44.8716
37.8105
32.0117
32.297
23.5513
16.081
12.1478
8.57161
4.99529
12.0411
9.70166
13.0526
13.4678
14.1766
14.9914
27.4044
18.0395
20.2119
31.7962
33.5034
45.2458
78.4403
105.16
32.071
23.9414
35.6343
23.5765
24.3417
34.5597
16.5126
9.34188
8.99538
9.86829
16.3722
6.14714
8.78917
9.12177
10.1385
11.2305
11.3094
12.2283
15.2999
17.8471
14.6477
27.1379
26.5589
54.0005
39.1952
25.9782
19.8798
19.9096
39.3109
28.9341
20.992
10.9007
8.70138
9.742
15.5092
17.7024
4.51811
6.42819
11.9009
9.62585
9.74142
11.7625
11.0299
16.8877
33.2377
26.0186
13.1761
17.2153
25.0672
18.0921
17.8407
12.0436
10.9411
12.9783
11.3659
10.4632
9.89575
10.7183
9.42461
10.7679
13.2863
17.9371
12.5127
25.6431
30.5423
19.9886
14.0991
19.2224
30.0924
46.1465
13.6605
17.3807
16.0036
20.4334
14.655
13.048
12.6602
11.1615
10.2508
12.1126
10.6378
10.519
9.55247
11.3592
12.4871
15.3097
16.7416
36.2145
33.148
13.399
25.1473
30.5439
45.9476
49.9028
46.0019
105.437
47.8659
31.2457
42.4237
34.9243
24.743
25.6231
16.4205
9.0706
7.47749
6.83887
10.9297
9.04674
9.02766
9.22447
11.0266
21.9605
24.1496
27.8626
22.8137
15.5135
24.7417
78.6534
46.9371
49.845
34.0173
23.6122
37.0776
25.422
25.2869
28.7071
24.6843
13.5405
6.96204
9.59912
7.84447
12.7252
13.3981
13.5607
14.7101
24.5527
26.669
23.3019
24.0202
29.2613
34.9246
238.407
61.0869
53.2834
31.9192
24.875
22.0788
18.7184
27.9785
17.5195
21.3551
16.944
9.57166
9.76328
7.84236
8.91444
13.5159
9.65553
13.9089
14.3231
22.1234
15.9788
12.0184
26.0298
42.6526
70.1701
57.8428
50.365
45.5941
34.9862
48.7378
21.0588
23.3452
22.6299
24.3874
15.8837
9.1738
8.57669
9.23524
14.4458
9.71192
9.44003
9.98912
10.5532
14.6508
14.9493
15.097
11.9841
14.9822
21.2343
14.2686
19.7819
19.9468
19.4201
14.5921
27.5552
22.0851
22.842
15.4404
16.2131
8.6373
9.64942
8.59984
15.5685
8.25333
8.71345
6.80003
4.4782
7.27942
7.80443
16.0912
126.421
38.4636
50.2222
66.6522
19.906
29.0069
28.455
13.9316
12.9227
9.65099
8.97887
11.3904
10.5826
10.0078
7.76235
9.41247
10.3346
15.7136
11.3834
13.0777
38.3388
29.0741
11.8766
17.786
27.8829
20.9771
38.9676
12.9958
12.857
16.1342
20.4896
13.7393
13.6843
12.3075
11.837
7.17081
6.14373
10.6979
10.6617
9.54159
9.25552
11.2067
10.8173
17.971
27.8712
35.951
17.4173
17.3053
27.5503
44.1821
78.3753
52.2086
59.8271
30.303
37.3902
26.6038
27.9887
17.8697
24.5117
15.5817
7.22677
8.7871
9.59641
11.01
8.78271
10.0772
10.5486
11.8349
15.755
14.898
17.3238
13.93
22.8993
37.4865
131.217
58.35
48.0579
79.5405
41.6696
37.1819
22.4294
20.4088
26.1247
16.2854
8.6462
8.91497
10.3608
10.9615
7.38241
9.48756
7.46274
10.9598
14.7498
23.7338
11.7968
27.5782
29.5304
56.2466
77.3916
65.6303
65.1877
54.5885
46.8065
26.6142
30.3899
26.8708
17.4442
16.2431
8.84572
9.19907
10.0247
7.91123
10.005
8.25315
9.58774
9.77595
9.71324
14.4486
18.3035
15.6382
14.0251
17.0657
22.8501
15.1666
40.3828
31.3002
20.7145
15.3589
19.4015
14.6462
17.9934
15.3633
16.4483
8.79321
6.35925
9.65152
3.31232
7.46281
9.05503
8.38106
12.7657
11.0779
9.38043
7.86196
10.7638
8.0265
11.9183
9.63007
10.7699
10.0497
9.01216
7.71404
13.0739
12.181
11.3854
10.5291
11.0092
7.44254
6.86972
10.1883
11.2123
8.99006
9.40113
13.64
14.1388
14.7473
13.0604
14.9563
21.1442
15.7131
17.2463
22.2853
12.5251
24.5014
17.0271
15.5238
10.9419
10.5243
8.90192
8.9751
7.7252
6.8523
8.84453
9.14203
9.11183
14.0688
11.0671
13.3415
27.1018
35.5751
16.792
19.1042
19.4825
24.2399
44.1544
17.4576
12.0828
18.7222
18.3813
12.8127
12.5457
11.1065
10.1955
9.44136
11.2696
9.35548
7.42604
20.1378
10.3678
14.1353
14.3456
14.5457
32.4158
33.1316
16.123
17.3944
37.736
20.9566
20.7251
41.5531
45.1793
73.1118
33.6297
23.7269
34.7329
33.1279
33.3934
22.9964
8.22807
11.0753
8.09445
16.1058
12.6918
9.67986
9.65953
12.693
29.1044
26.9328
30.5526
39.0542
67.8335
72.1798
81.1542
59.1234
37.9971
131.75
33.642
35.5777
35.9268
26.7946
24.1214
23.9763
9.80177
9.59794
9.80827
10.4382
9.29784
9.71448
12.7844
11.1909
22.9457
35.8769
16.2754
35.5876
46.7185
57.7847
30.4846
97.1622
36.2006
49.4738
27.0056
33.8147
23.6934
25.2821
24.8434
17.7009
13.2347
9.38854
9.44938
11.447
12.3444
9.27047
8.45183
13.7906
15.9545
28.5282
15.5942
18.0058
31.3267
57.2787
67.0751
77.4892
60.1511
49.9938
46.6481
16.9282
35.3038
28.0823
37.7353
23.5832
12.4064
9.24774
10.4357
10.1848
12.6028
8.91044
16.6451
12.7893
14.3
10.9887
10.0935
11.9555
20.7158
56.926
62.2382
27.3071
85.45
25.5386
20.6389
32.6129
16.9575
22.1712
22.7523
16.0155
9.324
6.45357
9.60578
25.9019
5.69556
9.08232
12.2826
9.94679
13.7653
10.698
14.4307
16.8109
33.4663
117.14
130.847
54.6543
29.3891
38.3356
36.6264
17.2941
16.664
15.751
11.2172
8.79747
7.26983
9.69987
9.09707
9.53309
10.557
12.0685
11.2878
17.5617
31.592
29.2992
14.0307
20.5199
23.1514
23.1987
44.1605
20.3993
11.344
14.7918
21.215
15.2108
14.1312
13.4094
12.2211
9.93759
11.6371
10.4659
8.42491
12.556
11.9698
12.1172
15.9473
16.8942
36.4051
24.4345
21.9974
37.7463
32.2981
105.879
61.6843
48.6307
77.5494
78.4519
40.5496
37.5255
36.892
27.3813
33.4809
29.702
9.39069
6.36537
7.0054
8.31642
9.29292
10.3987
6.56345
14.9235
30.7464
31.0959
31.1608
21.8794
37.7083
33.1013
61.4134
51.2974
32.6116
47.514
23.6567
37.5028
68.2958
25.0773
18.8632
14.6182
9.32845
9.55432
7.03737
10.598
9.14057
9.70993
10.0983
15.0127
23.0653
31.3361
27.0498
50.7934
51.8459
76.4611
187.607
80.7834
45.2
45.1826
30.8873
32.83
37.3565
36.5828
66.9331
16.929
14.0408
8.78726
11.398
8.21878
9.21214
12.1001
7.45988
16.5781
21.6773
22.1651
22.6939
25.8913
27.1375
31.4327
33.1423
29.3822
30.8648
33.5295
33.6073
33.9886
29.496
17.67
18.3152
18.4804
14.5614
9.60447
8.74157
16.3308
8.87084
9.69718
9.3648
13.4156
10.4603
14.6935
12.7063
12.3349
14.9849
29.7353
29.0873
28.312
55.9179
28.616
21.0662
24.0171
15.8874
14.002
12.8799
17.0761
17.754
9.35771
9.72367
5.28581
15.2962
8.39129
11.4743
11.5963
8.72713
9.44093
10.4289
15.4301
26.0389
124.577
nan
43.5043
42.8965
201.934
59.3907
175.832
145.958
93.1082
16.3493
6.64701
8.95076
11.3011
14.762
10.483
16.4963
11.4113
15.9319
26.3355
61.6432
26.5179
26.2852
18.8177
27.3849
104.734
137.631
39.2878
108.933
115.491
72.8196
164.255
29.3081
98.374
17.0206
21.0088
8.66824
10.9516
7.96808
8.80269
13.4734
10.9713
15.0473
13.0988
27.6485
25.6903
17.4285
44.2417
59.9646
60.482
49.319
118.044
94.9691
31.4734
25.8071
34.0158
32.5629
49.4074
35.9451
23.4198
11.7437
8.98483
6.99676
11.2087
12.5093
9.89749
7.10467
11.4395
22.6901
23.2243
16.068
22.8012
28.7852
48.7682
86.6581
30.7015
53.9192
31.6143
23.0325
26.5706
22.0841
32.3594
23.8195
17.2873
13.3663
9.15441
9.57429
10.3841
12.0314
9.55853
9.72121
8.59565
22.8841
21.7199
15.3643
24.6918
26.8482
51.2754
94.3493
30.8412
40.7002
22.2891
33.8325
35.0555
35.1873
16.6673
39.0349
16.5546
9.26662
6.62675
9.73053
10.9661
17.6307
3.57138
9.14086
9.90315
14.9731
17.6186
23.3829
12.5797
14.1635
18.5956
14.7708
14.6336
15.8824
37.1661
21.4955
24.3001
22.3365
21.5557
24.2818
15.2722
9.67286
9.02984
9.1224
7.64103
8.76586
12.4059
9.39874
8.22115
9.77068
12.5756
12.1921
14.7601
12.6887
19.0641
17.9408
19.7724
39.1524
20.0658
19.4546
23.3851
20.5181
19.7474
15.2373
20.4084
9.13655
6.33623
9.50065
8.12105
4.91329
4.09003
4.74479
6.65898
9.51726
10.701
11.4513
17.4703
26.3925
86.298
51.1021
75.2222
18.665
17.5068
16.2407
11.3006
15.9189
15.4687
9.38087
10.9644
7.58358
5.05404
10.9736
12.1948
27.6849
14.2241
22.702
28.513
24.3123
11.4031
16.8
19.1687
28.5749
29.0826
55.5116
20.5875
10.4478
14.7676
14.0924
20.3186
13.4283
8.71789
11.4022
9.97068
8.42472
6.97929
6.25699
6.69964
10.3465
9.94432
15.4926
18.2304
31.0842
27.204
19.1066
27.2029
22.7133
29.6846
32.8843
34.8785
54.9315
37.0074
30.4266
23.4524
29.4426
26.1735
32.5027
17.056
9.01216
8.73646
10.2157
14.3871
9.4877
10.014
8.02893
15.5291
23.521
30.4203
16.5185
22.1593
31.5362
20.8783
19.8529
14.9377
30.0484
32.4375
21.9208
36.0026
90.4259
37.4049
25.9996
17.5132
9.12892
9.61632
6.48245
8.53409
13.0545
6.45307
9.95946
10.3783
10.6169
17.6873
18.087
16.6736
40.1326
45.2535
49.8748
43.3921
26.4093
24.9506
37.5397
27.9382
26.7613
27.7572
20.7438
16.0353
18.1407
9.05688
10.0771
5.38369
10.6241
9.13148
9.46208
13.9186
14.392
14.9837
25.9174
18.2044
18.4538
30.4399
20.8494
14.7446
20.1512
20.5815
19.2839
30.0801
42.5113
26.3345
31.0542
16.2652
11.8621
9.05632
8.16946
16.7123
8.73539
6.63703
9.90439
9.8129
10.463
14.3677
14.6145
14.7974
12.814
19.1851
41.4964
24.8299
22.9547
18.0598
16.6352
14.9348
18.8221
19.5199
21.3385
22.4406
12.0299
8.90208
8.13742
9.99756
8.6299
8.99459
12.7119
12.4307
8.57044
9.756
12.7344
23.5509
88.5556
58.8878
110.463
146.508
26.3475
35.6175
20.2554
18.8752
13.4143
9.44286
5.8933
10.1734
10.6911
10.1948
10.927
13.4247
14.9915
32.4632
133.692
160.278
78.2978
36.6325
21.2259
59.007
55.5596
64.5832
60.3768
42.6627
23.1484
30.9605
47.4547
22.9716
31.0118
54.694
35.6187
15.6099
11.6143
7.6413
10.9097
12.6758
19.3756
14.8317
15.4459
19.1269
43.1556
34.8338
20.979
30.5186
32.1535
29.1761
64.7376
51.6531
83.3087
56.6233
46.8847
33.5645
42.2179
34.2114
23.8256
20.3207
12.4293
11.7495
9.87362
9.15154
9.27931
6.75076
9.91495
10.6207
15.5608
24.9612
15.1638
19.4828
20.4425
23.5446
16.592
23.7939
40.5008
19.576
37.9482
25.0561
33.3615
25.6324
30.9714
22.1044
12.859
6.36412
9.66701
11.3963
8.99828
3.10682
13.0493
10.8801
15.3949
19.5895
19.0354
26.5877
29.5926
26.8991
76.4052
33.4024
28.4542
53.0773
33.5543
33.9294
41.9556
22.5099
31.7008
15.0942
15.8587
9.24603
7.10519
10.5673
8.36966
8.88977
7.70924
14.2508
13.8871
22.1501
13.2964
23.3332
25.1029
28.7774
21.8703
26.2271
27.7963
29.008
31.157
22.9334
19.661
25.9872
16.7027
22.1204
11.3489
6.56068
9.99341
15.8073
9.99117
8.79948
11.8249
9.02045
15.0623
9.59666
11.9039
11.3279
12.4856
16.6678
13.4278
23.7999
26.8146
24.033
24.0897
20.6528
17.6066
16.7775
19.2102
19.9265
11.6656
10.6106
9.7248
6.94625
9.78297
11.8546
10.9635
9.01095
10.4725
14.3773
11.655
13.3721
27.3999
72.1151
46.4923
22.637
32.1235
33.7465
27.5149
20.0677
12.9521
11.2378
9.93622
8.51557
9.79151
10.2103
7.92984
6.56649
9.73083
14.3765
14.6652
16.5354
34.508
32.8674
16.9169
24.9248
27.3676
27.5516
27.3619
28.7606
13.8905
19.367
28.9663
20.751
20.2183
13.3673
11.5803
10.3156
12.4892
7.77181
11.5927
12.9086
14.0818
10.2815
10.1964
16.0728
31.9565
41.0847
22.9238
36.5768
31.4514
31.8177
63.9561
59.5431
62.6702
55.0879
37.5334
30.3986
38.1983
13.941
18.2414
16.5354
12.616
10.4161
9.88324
8.04201
20.0678
10.2098
10.3249
15.1501
23.6935
36.1651
19.7985
39.6538
31.1646
60.7964
54.2282
100.836
35.3021
48.8218
38.3831
39.9099
23.9998
23.6176
30.7611
22.178
11.8309
13.0657
9.9998
11.0162
12.6975
13.265
9.75481
14.1968
22.5479
33.5979
22.6443
24.8442
41.2406
63.2307
97.8506
77.9135
42.4076
44.0874
33.5827
26.1009
30.9811
27.4165
23.0355
16.27
13.2073
12.7274
8.60763
15.1911
12.7086
12.7673
8.48131
9.35575
14.687
25.1582
24.6132
24.0173
25.2616
92.0325
95.1638
29.0524
32.2291
23.106
44.7723
32.9076
29.6863
29.6243
49.1219
14.3715
13.3442
8.91181
4.66452
7.86983
10.5901
9.43714
12.8973
10.1784
10.5695
10.83
12.0986
11.2924
15.8038
27.4262
112.338
43.789
40.8382
51.9454
28.7423
14.0726
19.7078
18.4911
19.0977
20.8329
10.5839
8.772
9.46726
10.1426
8.53519
8.74392
10.381
8.58255
10.2742
10.1826
14.3673
37.2445
20.1803
81.2475
150.236
54.488
27.4472
24.8212
25.3441
16.1191
11.6293
14.093
9.76455
8.70908
5.51086
7.11674
7.23871
6.48686
9.45473
8.05705
15.4127
15.4503
27.5896
28.1405
14.7761
19.4256
61.0153
75.9797
68.0556
65.6829
37.4728
28.6159
27.9692
26.7377
10.9143
10.3294
11.4296
10.1091
8.62101
10.618
11.0979
9.18854
6.33952
10.1109
11.8533
18.1697
26.9656
36.1076
16.9446
39.7268
31.268
53.3303
79.0384
57.7541
92.3378
30.8983
52.5288
27.6875
35.7452
32.5532
31.3777
21.8101
12.0367
8.82707
7.28439
10.9828
7.67579
6.74406
10.23
15.7736
22.6045
30.6167
16.2984
19.6421
20.1872
21.3587
23.4487
32.8207
40.9768
42.9777
27.5771
23.4382
31.5897
22.9201
24.7414
13.3668
11.1904
9.34657
7.87056
11.0875
9.88201
9.22953
9.55768
13.4446
20.3128
16.1682
12.6999
22.9248
28.121
37.6645
60.8802
52.9664
39.4588
39.8978
42.0967
31.6534
20.0222
25.8157
19.8942
15.5653
15.0677
10.6222
4.46912
11.0436
9.05894
9.82683
13.2411
10.7262
14.7903
21.1561
18.4996
19.1091
30.799
34.1569
21.8459
19.8924
21.6768
32.9761
35.1821
20.3515
25.6075
18.6439
22.9055
16.0138
8.88027
9.47058
8.08332
10.1542
11.7776
9.44738
6.2693
6.52766
11.0716
14.3222
11.1322
11.4707
24.1259
29.6908
19.954
28.4109
18.6896
25.7507
18.5556
13.888
27.1955
20.9266
21.8292
20.0906
11.0876
9.19885
7.63448
5.70916
12.5254
9.03514
7.34117
6.4929
12.3585
10.3949
11.3803
10.939
50.9262
43.6648
129.722
23.5014
14.04
35.8743
25.1524
19.6582
14.1286
11.0191
13.0563
8.60691
10.4563
10.0476
11.1208
6.94657
7.76379
10.5474
11.0539
25.9056
37.6879
37.0541
14.2724
20.827
32.5839
56.1444
76.9104
43.4495
30.5559
30.5451
21.0746
19.7098
14.3944
13.5001
11.1582
10.5001
8.35793
10.4681
5.50132
7.21641
13.5429
10.4434
15.952
16.0142
25.9571
20.1639
12.32
20.6868
30.448
25.6672
23.3523
31.892
45.5876
46.7538
29.6252
34.5011
32.2712
24.0578
28.2922
15.3266
9.38519
8.89462
10.1135
10.8659
12.9661
9.81505
10.9661
10.4678
22.2086
22.943
18.2822
34.0904
43.3011
56.3554
26.3498
33.1926
31.1314
22.5619
21.196
36.9929
35.2124
22.5629
31.8003
15.5741
9.51308
9.38997
7.93246
10.5432
6.43703
9.20803
8.99051
13.5268
15.1151
17.1893
25.8871
20.3395
34.4748
38.2643
41.1157
23.7635
23.1274
44.9589
32.398
36.398
23.7701
21.3731
17.523
14.6928
12.2586
9.74463
10.8592
9.23495
12.7256
9.66028
14.3199
14.015
9.66839
12.3653
16.6755
22.3894
19.2853
23.8417
20.3377
21.8817
24.4437
32.3697
30.858
26.4633
30.821
16.8928
14.8885
22.0285
12.126
9.1763
9.86145
11.1957
8.54246
12.2402
11.0664
8.21802
13.6344
10.703
10.8992
10.8843
12.0478
13.8228
13.9953
12.4752
21.3987
18.8231
16.9417
19.7878
29.9139
20.7392
22.1407
19.3711
12.6383
9.28334
6.68477
7.35161
8.79712
9.15932
9.75142
4.51621
9.88013
13.2935
13.8563
16.1107
23.9443
55.0804
40.675
194.659
41.5327
22.1535
18.4163
18.881
12.0739
10.9872
13.053
8.55796
7.50109
8.06848
13.2132
11.4203
10.5545
14.8958
16.3189
13.1765
28.7394
40.7044
16.9657
19.1124
29.6363
40.8589
46.0738
26.702
14.4755
20.214
21.1338
14.0336
12.9514
12.1471
10.9267
9.90154
8.01792
10.5141
7.91775
9.15311
9.25855
10.1073
10.592
11.1958
18.3059
34.8839
18.366
27.0277
22.3256
38.1966
39.8215
30.841
34.124
29.6977
22.862
33.2083
22.6764
24.7259
18.6586
20.0564
12.6908
9.39284
9.39021
17.1638
7.30263
8.55073
6.9838
11.2348
29.8502
24.9268
26.0772
17.5299
29.176
20.4478
31.6544
21.6679
30.3628
32.8724
22.6017
29.6676
22.522
26.6282
19.0586
14.7664
9.77217
9.12482
6.96286
7.24106
5.72019
9.67985
9.80323
10.3398
21.1683
19.0875
15.936
16.4988
21.0327
29.9888
53.9041
21.1173
91.7394
24.7243
29.6521
21.6062
22.5516
23.9417
15.8754
14.0126
8.91706
9.72671
14.5804
11.7602
9.29671
9.49639
6.46667
9.6466
12.8523
19.7994
20.939
17.8199
17.4049
34.964
29.5387
14.2154
14.5213
22.37
24.3423
22.4069
22.6918
15.6815
24.2477
23.7521
16.131
9.33723
9.40765
10.8116
11.6972
7.22719
8.06971
9.14134
11.0641
14.955
11.1507
16.9536
13.3144
20.1795
14.286
13.1311
25.2423
19.3799
12.1904
17.847
26.8017
14.5824
22.5375
20.9502
11.792
9.74636
9.58616
15.2454
12.2519
2.98093
9.01351
6.8972
10.2316
10.2703
14.6844
12.0378
20.5017
89.0116
157.863
72.3805
28.0492
36.3838
28.76
29.7687
16.0036
10.9104
8.28736
7.87869
10.6277
9.91216
15.1125
8.93507
11.4503
10.5533
10.4937
19.4413
39.1024
19.1542
14.8332
22.9049
56.353
135.345
96.4142
43.0378
31.1106
20.7954
25.9214
13.5475
12.5802
11.7373
10.609
9.96127
8.15833
7.429
11.4952
10.0797
14.012
11.0076
10.4785
21.4817
39.6127
18.0333
19.3061
20.5801
30.0382
30.1419
29.3394
30.1277
44.5559
39.9178
39.6225
67.7851
46.4204
57.8717
62.4526
24.9193
8.08638
9.35179
10.3205
7.47603
9.35804
9.53761
14.7363
20.8438
29.0371
30.5363
16.5985
24.6944
27.6941
29.0014
15.7293
13.9917
32.4074
31.3449
21.2456
22.3786
30.1509
16.2157
16.5403
20.3258
11.6952
9.48665
6.99619
7.84081
12.3488
5.24425
6.71264
14.3593
12.1005
15.8526
14.149
23.971
25.6225
22.0615
28.3297
22.219
22.7067
29.7648
33.3657
24.3346
17.2457
18.9745
23.3925
15.3587
13.1415
10.1811
10.55
7.24054
14.163
12.175
10.4788
11.2294
10.0647
22.1433
22.9813
23.9686
17.7641
27.5583
20.2726
21.0609
21.5344
22.2491
22.3761
22.9444
18.9965
16.3772
18.566
21.4866
9.00345
9.30412
8.09311
10.6123
8.00858
5.16974
8.14034
9.54354
9.87366
20.5146
21.3231
11.1805
13.0362
14.1805
13.4051
13.1807
13.754
26.0963
28.9596
31.1165
41.1685
125.769
22.8976
22.3603
9.39214
9.82515
7.27708
10.3204
17.4072
8.99112
8.58916
7.92596
7.42605
13.859
11.3195
16.7317
69.4668
92.034
50.1987
28.0504
42.4224
24.4168
43.1072
21.3522
13.3211
21.8483
67.7922
250.329
26.355
8.58217
9.45638
12.7046
10.1237
10.1109
11.1485
31.5835
29.4468
25.6561
18.7462
19.296
43.566
62.6333
80.7872
26.4847
20.4956
22.0699
26.0624
20.0399
13.3684
12.1277
14.2668
11.8664
11.3331
8.30396
7.54849
8.68353
9.45197
7.76597
14.9406
16.6251
33.4564
25.2179
16.9554
30.2273
29.4995
33.7276
30.701
29.9603
32.3085
29.3877
22.6592
22.596
32.316
46.5209
23.8515
15.6527
11.9806
9.36042
10.4592
11.2703
6.79779
10.4998
12.3154
14.4354
14.7836
23.1263
23.9039
19.1904
32.6967
44.8393
33.8731
33.7001
25.3456
24.2865
21.7088
11.2804
16.8453
24.4907
23.7542
16.3308
12.5703
6.846
9.76716
10.5516
8.63995
9.00512
7.18554
10.9726
19.91
31.0975
17.0303
24.0813
40.3131
33.6973
49.072
21.7476
23.7701
23.4302
33.9314
25.4906
23.5164
19.8598
13.1373
11.7812
10.6095
9.78397
3.65864
3.38606
11.8244
9.54571
9.63558
10.0073
10.9143
16.7981
16.4324
17.3534
21.4642
24.3162
35.2635
22.7215
29.4257
21.7776
36.3564
45.4564
22.2677
13.8667
24.7323
21.8142
7.5191
9.57657
9.71398
10.4431
6.02244
12.8611
8.77477
10.0772
9.90935
20.1147
20.1456
15.7489
17.7874
20.7273
28.4093
13.0856
12.5267
18.9449
13.6704
19.8906
26.0181
15.6114
15.203
19.0312
12.3405
7.5654
9.93717
14.1903
12.1738
8.44058
5.66516
11.9849
10.011
7.4284
11.2954
12.4206
24.3911
33.5454
75.5231
24.9335
24.5302
26.6562
18.0528
16.3241
13.9393
10.3137
8.73404
11.3437
10.4964
10.2458
8.58015
10.2409
9.21728
13.4253
14.6956
17.5349
33.8647
39.3112
14.8136
31.8748
31.5528
27.822
37.4767
20.9509
10.1741
14.3355
18.9522
14.2375
12.6646
9.48323
11.8014
9.90687
8.69034
10.1587
7.69842
8.87747
9.68588
15.0033
11.3942
13.0252
25.4935
25.1514
19.1117
20.8358
69.1309
48.5144
22.9156
20.7777
38.6748
49.4793
29.9816
27.71
20.4064
17.108
24.059
10.539
7.1347
9.17347
10.5691
8.06165
11.8035
7.93625
13.9722
14.933
23.0779
20.2775
19.5475
21.15
21.5837
27.6968
27.514
21.3938
40.6665
28.3351
25.4784
31.6537
27.3058
21.3407
34.279
17.5162
9.19109
9.65019
9.68282
10.4896
12.7039
10.3239
9.89348
11.3975
11.8371
17.7622
11.8304
18.8614
21.9298
26.6642
23.1786
29.5142
32.5476
33.1209
24.348
16.824
21.0018
16.4992
20.084
16.6748
10.1797
9.03546
10.0537
10.4387
15.0951
3.52174
8.9096
10.2518
16.3498
15.442
16.9862
18.6209
21.8149
24.434
15.2402
21.3888
28.029
22.249
21.6687
25.2692
18.261
22.6922
17.0093
17.3798
13.1042
9.0983
9.99646
7.18146
10.943
9.24662
7.51787
8.97507
7.73855
15.0105
11.4877
15.8473
13.2604
14.6258
14.6872
13.7589
18.0883
13.851
26.0316
20.0932
19.9662
19.3308
29.3787
13.6563
8.76794
12.9642
6.58287
10.6404
16.9535
14.9375
5.86621
11.3935
9.08171
11.9595
11.2318
12.4386
13.5936
20.4392
37.2149
20.9901
20.3597
25.2002
27.1619
29.1444
14.4927
11.7588
14.762
9.57412
15.9714
10.4365
11.2904
8.97827
9.70152
11.3195
11.164
17.0045
21.1559
35.9075
13.8638
25.315
29.6772
29.8679
34.5724
21.4415
14.2752
18.7911
42.8284
14.2309
12.8468
12.2083
11.7183
6.73599
9.19493
10.352
7.80367
9.35315
9.54871
14.2116
10.3069
15.8425
24.481
19.547
13.3971
18.9943
22.5988
29.9832
46.0763
59.4197
55.3479
31.25
50.3206
22.5223
21.7852
13.6748
24.0379
17.3832
12.1996
12.6627
7.25047
5.709
8.92879
10.0105
10.2392
14.6439
11.8578
13.7095
16.6133
19.4732
38.4438
223.457
52.4922
37.0035
28.3365
45.3954
18.993
26.4276
23.4128
23.8671
29.9461
22.7249
9.51642
9.17902
9.57406
3.15229
10.6181
9.68095
14.431
9.75663
14.29
16.2785
11.8995
12.715
27.1616
15.8754
22.1021
14.9758
16.6059
28.7048
22.1898
20.0962
15.6918
12.9792
14.0893
16.332
7.09541
9.34527
5.68144
5.68674
9.54419
7.68918
8.84734
12.9878
13.8318
15.5918
16.7581
10.0275
18.5204
33.7509
21.441
18.5722
21.271
28.6226
25.999
19.7147
16.0618
16.4468
16.4676
15.7844
7.54864
9.79925
6.7903
15.8214
10.3188
17.8968
8.38247
9.57704
6.97485
13.8107
14.885
16.2525
13.3732
56.5012
24.9572
20.4671
14.3237
12.9533
19.3512
20.937
15.46
12.3114
24.3095
15.3181
10.291
9.63788
10.7988
10.0124
13.5084
6.05709
18.2328
6.88673
6.66692
10.1596
10.4658
10.2378
14.3801
18.7764
35.3481
27.1823
36.0672
36.1754
26.244
26.3058
15.35
15.1396
9.22916
16.6203
10.811
9.79352
8.35148
14.4495
10.1395
11.2415
11.0576
14.6086
19.1796
35.2238
14.5359
21.463
31.7853
20.5219
21.0454
27.8488
18.6451
14.9635
32.9355
18.9197
12.9649
12.6117
11.0515
13.5419
10.4
8.77168
11.163
10.0107
9.05605
10.2824
9.24194
12.9031
32.1187
30.9983
13.1733
27.8742
31.194
29.5962
41.1427
40.5057
62.5175
59.3401
32.6562
23.5624
23.8422
17.514
19.0518
16.1675
13.3439
9.67086
8.16442
12.1475
12.9095
6.89094
15.3091
12.5329
14.7946
22.7808
16.6781
20.0035
29.2675
21.0215
22.7719
20.5269
29.8765
23.7112
20.9455
11.3316
11.0461
15.2266
16.1878
13.9009
8.15653
8.33588
10.5168
7.53674
5.78858
6.1929
9.43147
10.1112
14.1381
16.7119
21.7012
12.4421
28.7592
30.3902
43.705
27.6007
22.9495
33.6893
30.9589
24.8438
22.4781
18.7999
53.5962
29.7622
11.8634
9.18362
5.14172
7.61721
12.8051
9.07196
9.35492
9.83922
20.5216
15.5129
17.2979
17.9236
18.7737
15.5843
26.4865
20.6652
26.9341
30.6
42.3079
22.6748
15.7222
33.208
30.9899
16.1156
9.77696
8.96088
10.196
9.73687
8.04006
4.5532
7.81862
6.54554
10.8214
11.2305
8.29254
9.66267
16.494
16.6595
13.3578
15.0224
14.7525
15.2135
11.6612
11.8509
11.7859
16.5912
18.0727
5.37238
9.47775
11.5192
7.49085
9.55425
9.60288
9.70441
9.89922
9.16103
9.88508
11.6708
15.4541
15.5366
36.3326
51.0211
82.6185
48.7806
24.9752
37.5512
28.6061
25.0941
18.3053
12.7313
9.01599
9.69215
6.79887
10.5192
5.54122
9.76719
10.5608
10.1946
9.50889
12.3103
24.7062
20.8007
14.2266
21.2126
34.0264
29.8333
26.2599
21.4403
13.4069
21.677
20.702
20.3258
13.5618
11.3893
10.6321
9.764
12.4981
9.03095
7.83819
12.8288
9.15043
14.3499
10.7382
12.133
37.2325
27.2014
27.6581
35.579
72.3408
58.7885
45.8614
34.7578
34.307
31.6751
31.0945
28.1162
33.2346
16.689
35.3004
14.5227
12.4243
6.69451
7.32996
10.855
8.77695
6.8828
10.9064
14.2421
21.6417
18.0021
16.2025
24.3475
83.3887
30.0425
15.599
21.3065
24.2127
38.5804
21.1511
15.6022
21.6787
18.276
24.3913
16.6407
10.5366
9.41652
7.27763
7.46999
8.48044
15.2271
9.66029
12.5284
14.0424
16.8078
11.5414
24.4989
19.9458
36.8372
66.6058
30.4015
15.2565
28.5357
24.4124
16.9359
12.1761
24.1836
32.1761
16.0514
16.8351
9.2216
10.1696
10.6932
4.34848
9.86227
10.0918
10.1624
13.5709
23.9157
20.222
14.2051
27.6105
24.09
23.487
28.7487
38.2148
24.9713
23.4685
25.2048
34.1134
24.2629
25.0863
13.9109
13.3512
9.37936
9.81226
7.51751
8.51338
12.6152
9.47189
10.9251
11.4471
13.5951
17.9825
11.7501
15.493
22.4397
21.5244
28.2716
22.1597
22.3552
10.6423
22.541
21.274
43.9786
32.7575
23.5766
13.1676
9.35698
9.30885
13.1954
5.87564
12.7956
9.21346
6.39045
9.32679
10.1843
14.789
11.4634
35.8872
48.1171
54.8539
14.5427
25.7254
43.6083
64.9056
32.2466
12.1908
11.3333
10.1152
14.0167
10.7389
11.0435
11.4851
10.201
11.0119
10.7318
8.28411
19.5048
30.8071
28.194
18.8197
20.6805
34.7315
44.9449
39.3651
22.6855
22.3161
22.6359
23.4071
20.8575
14.7183
13.4334
11.7422
9.63723
9.1001
15.2921
11.7706
13.6316
9.66169
15.3397
12.5334
17.4572
38.329
36.2708
18.297
41.1589
61.4045
31.4494
21.6358
22.8653
35.0022
39.3139
22.1569
31.2386
24.5061
26.2073
22.9057
11.7542
16.682
17.2696
5.58513
8.65418
6.35497
7.50046
10.0074
11.9557
17.464
23.3982
14.2193
25.0126
31.3974
30.3181
26.0673
45.5046
26.9442
32.8434
23.8127
17.2859
33.4475
25.6043
14.8234
16.3975
11.4197
10.6044
7.28484
17.1278
7.81248
9.50772
10.4401
15.3771
15.4377
18.282
26.539
18.5506
42.0167
31.9013
32.4262
28.7254
38.8571
37.0447
23.1619
26.5259
25.1484
18.3033
13.6899
15.0791
12.6189
10.9274
10.1466
10.077
32.211
9.51824
10.2431
13.8034
11.8492
16.2211
24.4957
19.53
30.4866
17.3814
16.5802
15.3704
22.8268
23.8056
15.8079
17.7127
17.1584
17.5161
14.933
11.6639
9.41463
6.09995
7.82658
6.82123
13.3892
3.18895
9.37678
9.87649
10.9226
16.8427
11.9104
15.9959
17.793
16.3958
26.9422
14.4679
19.9282
22.3129
16.0205
15.0132
20.1484
24.2803
22.3198
21.6434
11.022
9.58807
9.84077
10.2395
8.91184
6.76614
8.8127
9.02925
10.1008
10.6957
9.77736
10.239
15.1894
12.2473
13.8068
12.718
17.3121
19.3343
14.4698
12.9888
12.3023
8.03813
8.40142
6.25519
9.87439
7.93965
6.98191
9.88099
10.6451
11.0589
12.4848
10.0963
19.1728
20.9287
15.4221
19.3978
21.2017
15.0518
14.958
14.963
14.9622
11.3804
22.7778
12.3764
14.0323
13.0873
8.23956
7.79052
10.2205
8.40997
9.72252
13.4721
11.1774
8.01755
8.89132
12.0618
19.8132
29.5315
24.603
24.327
18.519
29.4977
101.911
25.6661
18.723
27.9841
26.1207
18.2157
14.137
16.8197
15.1016
15.4824
13.2284
8.23497
10.4141
8.4507
11.6573
7.74056
13.6251
18.1953
17.7941
18.4395
13.5055
36.5118
32.4252
61.9065
47.9109
18.5726
19.0872
27.1947
18.6119
22.5822
23.85
20.1322
20.2511
17.2625
14.1348
9.92726
10.5324
11.2465
9.2662
9.73525
10.2217
10.8686
11.2349
12.1819
11.9839
12.5203
19.3608
18.5858
16.4096
17.3495
15.1089
13.7625
14.5565
14.1002
16.1851
24.2597
25.4814
18.5461
10.3655
8.65147
8.57764
4.44334
11.7521
11.3691
11.6738
8.18656
8.20678
12.0827
12.9904
13.6994
14.3836
16.5726
18.0395
18.1284
13.2279
13.5982
13.3413
14.3041
13.8851
20.4581
30.2712
25.7929
15.2081
14.8038
10.192
11.5605
8.23767
10.5665
13.7154
10.0452
14.5994
16.7382
17.9578
13.7724
16.2825
32.042
20.1694
18.7803
26.5906
18.2378
53.0154
38.0547
39.666
80.429
45.13
36.8365
13.5087
6.86892
8.137
11.1947
10.4583
6.67628
9.54066
12.0446
10.4233
11.5256
17.9506
17.5812
24.5801
30.2153
29.1869
28.6526
26.2393
30.9232
20.6276
28.4382
20.5421
17.5189
12.8061
13.6903
17.204
16.0903
5.01559
13.8855
11.3861
12.2899
12.3396
14.7648
22.8246
23.9597
16.7683
15.6279
38.9685
41.4447
37.8383
42.8293
24.2191
16.4437
16.8448
24.8361
15.8346
21.3383
18.5004
15.153
11.8179
11.9697
11.4579
9.4427
15.5213
8.89915
16.8842
16.9043
25.1949
21.364
15.2571
21.0108
51.1394
41.4255
63.7158
23.8083
65.1963
61.8798
88.8367
158.679
105.74
43.3872
32.2127
29.1286
27.1534
10.1179
9.74367
18.3166
5.49231
12.8318
12.4957
14.9176
17.4543
19.7859
15.1321
20.06
36.4774
25.4856
34.8045
19.5944
20.5099
19.1029
20.052
21.9567
24.077
27.9124
23.8724
23.1821
14.2254
18.9831
14.5305
2.65527
28.4596
25.1333
14.6633
22.7105
25.1376
17.7476
13.0301
13.9075
11.6121
14.5631
15.0513
13.5891
18.154
20.5055
23.5642
18.0026
19.2833
23.7597
27.3835
17.5093
9.82015
5.90491
8.39255
22.0123
11.7279
6.46788
9.74862
9.89385
10.2237
11.8824
10.8199
15.9833
17.4223
22.5664
20.9634
14.1435
21.9167
22.2656
16.6726
18.1672
17.6365
17.8826
17.8331
16.696
12.5649
9.49877
4.89728
22.8991
6.13013
19.3945
6.58038
11.1627
8.88197
10.8427
10.6988
10.6782
13.9339
22.5421
19.5332
13.0378
10.22
20.3084
17.1193
14.859
15.0358
33.1188
42.9657
22.3099
9.11324
8.99727
9.76953
9.20648
8.73904
9.43921
8.98448
9.24419
9.67723
9.88441
6.9462
10.3608
10.9951
12.1599
16.2461
10.5521
17.4511
18.5149
18.3839
32.7592
17.3918
9.45628
9.65817
12.2393
7.22709
11.9978
11.5345
12.9443
7.52388
9.21213
11.9333
18.9169
21.3052
19.2597
10.5793
17.6531
15.8068
19.8791
21.6865
20.7013
14.348
30.5367
30.0811
17.2397
11.9335
13.2405
11.2937
9.95208
12.1968
3.93448
10.7294
13.6361
6.56413
7.78234
9.58113
16.4866
14.6685
18.4262
10.4003
14.3926
26.4363
29.6041
30.1213
18.5259
28.1593
19.334
10.0761
29.1862
19.8793
23.7877
13.4935
16.3039
14.8933
13.0255
12.5107
17.2711
11.5162
8.30457
9.58832
10.3227
14.7543
15.6488
12.1291
18.9748
21.5869
21.3455
14.6427
15.0768
15.3085
23.0434
12.3148
13.4876
22.3244
17.0587
28.6427
16.1468
11.0051
9.57498
9.93358
6.45414
13.8027
9.02112
9.66736
14.4819
12.4498
11.5937
16.3365
12.4143
20.7178
30.536
23.9713
27.164
15.6275
21.1865
23.7186
17.2745
17.6959
25.2815
23.3403
15.2868
9.98465
8.11786
7.86089
7.97545
9.02456
6.62295
9.38266
10.5745
7.83347
11.2562
8.40566
12.9031
24.8955
16.4959
21.2741
15.9923
23.9143
20.4602
18.2972
17.3034
23.4439
12.951
17.3505
18.1179
14.249
11.5054
8.33724
11.2637
50.7679
12.3342
10.1248
13.995
6.49895
13.5828
10.9397
13.5426
10.6666
11.429
17.8133
16.7514
13.9136
16.9457
11.3766
26.8682
18.5168
23.0254
12.1835
19.8718
11.6057
10.2665
7.95118
8.27195
7.05284
6.65965
10.0369
9.75709
7.1097
7.92696
8.2968
11.454
11.1013
34.3411
25.1924
16.1175
38.6003
25.1507
17.9412
17.6589
11.4527
10.3369
9.82347
11.2219
8.43621
10.1273
12.3218
12.6493
9.533
11.0185
10.7512
13.3957
27.108
28.1927
12.159
20.2351
21.6076
20.4217
39.1478
19.3496
13.6604
13.4865
20.6094
13.5076
12.7966
12.4285
8.98986
9.28477
7.99806
10.5777
10.4095
12.7331
11.9594
10.5075
10.3223
14.7332
23.2928
27.4158
16.4277
26.6435
35.9724
35.9526
100.151
60.4101
160.969
32.7387
31.3597
33.5069
21.2748
59.9848
38.9359
16.1331
9.06522
9.81711
7.7296
11.5198
10.0724
9.6538
9.61046
11.6471
15.273
35.6046
12.9764
17.3283
20.6777
29.9592
43.9735
27.0045
30.6305
24.0402
23.1577
22.1293
24.1084
25.2127
19.7452
14.6769
13.4747
9.43984
7.19743
11.6046
29.8733
9.88595
9.80847
13.8277
13.4968
16.6651
16.3711
13.5243
12.2676
19.1078
16.3117
15.8919
11.1713
12.6843
12.6369
16.033
10.1717
20.9759
15.8174
21.1999
13.09
11.7234
7.72185
12.8116
14.8734
16.559
16.434
24.8459
16.2186
14.5431
13.4565
12.5164
13.6071
22.7209
33.5052
29.0815
21.727
21.6668
32.929
22.583
21.5765
34.7205
36.3852
25.3065
12.9423
9.24906
5.05928
10.8098
8.63975
6.17995
8.82751
9.5057
13.3666
15.2988
11.603
11.9297
12.7006
21.5875
14.6839
13.4372
18.3829
18.2566
16.6204
38.4299
26.2953
30.542
49.9454
35.1896
17.7887
9.90433
9.29858
10.1834
8.0019
12.1368
6.65754
9.21721
9.01056
10.3266
10.9153
11.6096
17.6684
33.4295
20.4788
19.2488
22.9279
25.0677
23.9771
24.2083
15.0818
10.5966
13.9328
11.946
10.6983
6.02991
7.81293
12.4578
13.925
11.3649
8.31075
10.8273
24.8399
26.5295
18.3177
13.8256
35.1068
29.5105
28.6251
18.5283
12.8514
12.7607
13.1117
13.0005
10.1037
11.2403
9.7245
8.84457
7.97725
7.30372
9.41988
10.8621
9.62637
10.6264
13.4529
9.15777
14.8018
20.5168
10.3978
12.4191
17.8549
13.4988
25.2008
19.594
17.5778
13.8604
13.1438
14.9954
21.8069
16.0075
15.7006
12.4913
9.96591
9.50144
5.22502
10.9748
8.55715
9.64829
9.73469
10.2968
14.7241
23.6718
16.9732
13.4814
27.2918
28.9204
13.8067
20.0617
36.1445
29.7287
38.8665
27.6845
21.5886
22.0795
21.8506
9.76235
9.03028
13.2494
10.3477
8.64935
10.5654
9.42097
9.18287
19.1058
13.3954
15.4716
11.5382
15.2442
18.6547
24.7074
43.1544
15.5797
19.555
19.2507
41.4806
21.7908
14.6836
10.3439
20.6573
20.4656
8.66354
9.00538
12.3927
7.61638
12.2599
12.5652
11.2542
7.86607
10.9789
11.7407
15.2617
15.5004
8.63439
22.6643
15.0712
14.0792
17.6371
19.077
27.5062
13.6922
19.0228
15.5772
29.1841
17.8385
12.5173
9.67459
14.506
9.28132
8.33044
8.83237
9.05331
4.42166
12.5552
13.8552
11.3094
11.025
21.7529
13.1178
19.6756
13.0526
15.629
17.4534
27.1828
12.7367
17.5314
20.1824
16.9883
12.8416
10.6132
10.4646
14.3413
14.3829
11.9589
8.99656
12.3852
8.69201
7.05146
7.04577
13.4578
10.4632
21.7024
31.9298
53.0719
46.1777
24.9474
23.7411
41.7378
23.5069
15.125
9.81047
11.9844
7.78413
10.3333
10.4191
10.1218
9.43575
9.13409
13.7453
13.5673
15.2179
21.4997
22.5298
15.9825
26.2072
38.0253
24.8099
26.5135
18.0484
17.0954
14.8917
14.4997
14.3545
14.2947
12.5522
11.6775
7.91293
11.7277
8.72935
14.3872
23.0803
26.4136
53.4384
39.7933
57.6268
