3
nan
7
5
12
nan
11
13
6
nan
25
36
23
43
nan
7
2
31
51
23
19
15
87
32
45
37
44
30
65
31
16
18
11
24
29
24
35
37
48
14
9
6
nan
3
39
17
29
30
13
54
35
59
34
28
nan
15
25
26
21
14
13
4
nan
6
38
59
nan
nan
19
7
30
123
38
42
25
52
43
48
10
3
nan
23
12
20
7
21
46
72
23
10
9
5
7
nan
1
33
90
48
53
108
4
21
16
10
12
22
nan
16
24
22
14
5
1
28
1
nan
5
7
12
11
17
49
41
28
7
28
11
17
nan
2
18
17
52
nan
20
14
19
1
2
7
2
5
6
7
nan
37
25
nan
20
21
30
7
13
43
nan
24
17
30
51
nan
nan
1
4
46
5
nan
11
35
14
77
114
19
33
38
31
70
28
70
35
nan
214
nan
2
nan
4
nan
nan
12
8
15
78
68
62
83
52
60
17
nan
9
nan
nan
6
17
42
11
31
21
nan
11
23
nan
18
18
nan
75
58
166
12
nan
118
22
15
8
9
6
nan
16
48
36
28
9
49
nan
22
34
31
14
9
52
7
18
7
39
91
35
44
21
7
nan
78
20
14
8
9
26
119
3
9
1
nan
5
8
20
88
77
189
13
18
66
35
19
26
33
78
16
nan
16
8
9
27
8
4
nan
5
1
69
13
24
85
118
86
55
12
14
122
27
12
116
26
28
14
nan
13
nan
nan
7
7
3
9
3
14
15
nan
31
23
40
62
32
24
21
17
55
36
21
21
115
nan
4
2
6
5
16
51
22
34
27
19
12
29
17
28
67
87
nan
66
11
28
19
19
27
10
nan
32
1
15
7
26
22
29
63
35
13
47
39
20
16
16
5
10
21
28
nan
16
36
42
12
nan
nan
26
95
11
12
37
20
69
78
55
119
30
3
28
nan
nan
7
23
9
nan
4
1
nan
nan
3
2
4
7
32
57
119
20
nan
108
31
18
14
5
nan
20
77
6
17
26
8
nan
18
nan
nan
1
16
1
nan
nan
63
35
67
170
21
94
17
12
23
47
63
117
46
10
nan
nan
5
7
7
1
21
nan
5
14
8
9
14
25
73
84
10
11
53
11
28
21
8
2
115
68
9
5
4
1
6
1
8
nan
14
27
23
154
73
nan
nan
nan
3
10
8
19
80
35
18
12
nan
23
nan
29
20
14
27
62
74
5
61
25
4
44
38
15
14
2
129
20
32
2
23
15
151
1
2
3
88
13
23
20
16
21
35
116
67
36
37
65
1
4
55
34
185
43
40
13
88
nan
20
2
6
27
46
8
17
22
445
45
54
51
7
8
nan
31
107
6
14
11
11
80
nan
nan
13
1
4
5
43
8
133
nan
4
36
63
9
12
36
5
82
49
26
7
38
22
11
9
17
49
2
1
20
53
12
34
48
168
22
127
113
nan
56
37
nan
13
6
16
11
11
14
23
2
15
20
8
nan
4
18
33
11
nan
26
45
136
69
23
28
28
nan
11
23
9
59
14
5
nan
nan
4
6
8
2
9
nan
18
39
73
52
50
44
13
nan
17
7
18
19
13
nan
100
nan
nan
11
nan
5
38
22
68
44
14
26
14
58
23
23
nan
32
23
31
21
26
31
77
nan
16
nan
2
nan
18
13
17
26
53
89
99
74
56
91
78
15
15
11
8
nan
17
19
42
11
6
5
12
nan
4
4
11
8
16
31
69
8
74
52
26
23
nan
67
10
19
16
15
18
nan
18
61
15
7
3
6
54
15
83
214
15
36
31
nan
3
nan
12
nan
11
14
24
nan
nan
nan
nan
5
4
nan
6
11
6
11
6
60
82
31
56
10
11
45
37
165
57
16
2
nan
13
16
143
nan
6
1
4
nan
3
9
9
3
132
nan
28
17
118
21
4
4
22
24
4
nan
18
20
135
nan
59
8
9
5
5
6
8
4
50
37
45
53
8
17
63
75
29
nan
37
13
12
nan
48
19
19
14
32
264
45
51
24
94
40
45
34
51
20
nan
26
17
19
66
100
37
24
22
7
8
24
7
nan
51
17
68
65
62
48
55
22
27
nan
22
38
29
22
13
74
42
31
nan
14
6
nan
nan
nan
nan
7
5
13
15
31
nan
51
41
62
78
21
157
32
55
18
44
66
17
2
52
71
31
35
9
1
8
33
36
29
53
71
38
67
128
15
12
145
7
24
50
22
27
14
67
3
nan
55
5
8
12
23
18
46
49
45
57
40
30
46
nan
121
116
11
15
nan
6
59
nan
8
27
3
1
6
81
14
29
nan
51
35
53
68
38
18
7
11
23
13
54
11
27
31
3
10
33
nan
3
8
23
10
nan
30
18
nan
20
20
7
nan
13
39
22
20
23
25
105
4
2
2
25
13
72
35
14
9
50
25
33
54
59
21
5
90
13
24
13
88
14
nan
29
29
nan
58
41
303
24
24
33
31
44
13
32
88
6
100
154
nan
148
16
17
14
24
42
8
28
11
4
66
44
7
15
17
27
124
28
8
60
81
18
nan
16
31
28
27
14
190
nan
17
6
nan
15
nan
nan
3
40
7
12
212
44
25
142
8
40
5
15
22
13
7
18
25
11
17
nan
nan
4
41
12
130
5
28
19
177
nan
31
70
23
24
8
48
23
11
22
6
16
42
29
6
8
3
5
38
3
nan
20
8
42
21
16
108
60
69
17
154
128
13
11
15
nan
nan
nan
133
47
52
nan
66
23
2
4
109
27
12
149
83
23
7
nan
7
1
19
30
nan
39
64
nan
19
12
nan
14
179
21
31
33
29
33
50
18
15
37
18
27
70
nan
28
54
24
214
17
42
65
28
51
11
6
31
19
21
20
6
75
15
68
22
34
nan
9
15
47
55
32
17
85
nan
84
5
19
3
3
7
14
12
33
55
115
27
35
13
26
12
23
51
21
35
13
105
87
88
46
24
5
nan
4
8
21
nan
26
16
106
91
177
30
46
26
1
8
68
92
11
22
24
62
16
12
46
26
3
25
9
6
24
37
44
47
68
263
43
83
6
nan
6
21
17
11
15
39
91
7
52
nan
1
28
7
11
16
19
62
129
100
46
25
nan
nan
9
18
16
17
84
10
18
nan
98
16
nan
2
25
10
nan
17
269
191
9
22
21
82
35
46
20
9
22
19
12
11
21
nan
nan
2
22
8
145
34
47
33
116
26
137
105
58
46
21
nan
42
15
nan
92
35
102
8
45
5
nan
30
26
17
56
29
151
72
52
62
103
106
62
20
3
35
109
9
16
16
129
nan
6
4
6
nan
2
4
18
21
173
24
26
12
71
23
52
46
33
10
170
23
78
6
nan
21
11
12
5
6
18
7
55
nan
48
22
36
10
55
7
25
13
18
23
nan
16
15
140
18
11
9
5
nan
nan
6
2
2
4
12
10
44
52
144
170
17
143
62
12
nan
13
33
6
13
4
7
56
14
24
65
5
32
14
198
27
87
97
22
98
21
12
4
5
108
nan
nan
17
13
2
11
nan
nan
nan
5
4
12
34
7
nan
42
32
31
36
19
9
22
61
80
30
10
nan
13
18
9
31
nan
27
21
25
22
nan
154
33
31
29
115
67
31
32
33
58
14
36
52
21
152
23
9
37
nan
12
nan
46
19
115
229
41
42
92
248
36
2
26
14
16
2
10
87
83
33
19
nan
42
nan
nan
35
4
6
18
nan
144
33
17
21
37
11
62
12
26
11
34
71
4
19
19
12
111
7
3
9
6
1
42
47
16
21
37
30
54
29
24
24
4
15
12
nan
3
11
17
20
59
11
nan
3
3
18
21
23
63
180
84
14
22
40
58
27
14
nan
11
13
nan
15
19
134
38
1
8
1
48
1
9
13
79
18
50
234
113
71
nan
44
60
2
20
7
32
nan
28
9
nan
16
1
7
10
nan
10
nan
152
25
26
99
16
20
21
nan
12
12
41
121
nan
115
106
20
3
15
4
11
31
21
25
291
49
30
6
42
46
39
30
17
15
nan
8
44
152
60
91
12
35
nan
22
275
14
15
22
28
103
26
38
160
20
28
83
8
20
116
37
18
23
nan
16
51
nan
24
17
10
8
4
17
20
319
32
26
164
49
12
35
69
143
7
10
29
11
33
20
1
18
5
nan
nan
nan
109
34
12
7
33
113
220
18
22
7
6
17
97
7
39
27
12
16
nan
nan
45
1
2
11
nan
24
25
31
61
50
56
176
34
nan
2
13
5
1
2
12
38
14
nan
6
19
nan
15
6
nan
7
34
13
211
187
33
140
77
10
73
15
63
nan
nan
nan
nan
34
44
20
5
nan
nan
4
7
20
22
30
70
nan
107
17
4
nan
7
20
29
29
40
12
25
78
17
7
nan
46
59
11
57
53
18
78
23
12
8
22
36
28
nan
16
22
16
223
217
23
25
19
8
9
9
19
39
76
34
21
114
33
25
36
172
14
140
56
12
48
nan
nan
nan
23
31
25
128
47
nan
67
20
nan
4
31
43
116
23
18
23
33
7
24
19
21
61
40
10
nan
14
20
nan
4
nan
6
6
64
12
79
178
90
34
44
57
24
97
nan
nan
33
15
16
nan
14
nan
18
6
6
13
2
9
6
11
10
20
142
66
51
310
10
188
77
nan
17
14
19
11
27
16
7
nan
2
nan
nan
3
5
10
10
14
19
36
31
47
37
61
24
51
149
10
64
11
nan
26
46
13
11
nan
1
nan
13
12
227
9
21
9
67
27
41
4
103
159
18
263
15
33
53
97
25
nan
nan
17
42
16
25
38
15
27
nan
34
35
50
35
32
13
100
94
34
74
40
127
nan
9
5
4
8
10
49
15
110
20
117
23
182
159
7
98
54
19
4
6
nan
26
nan
26
12
64
nan
7
nan
nan
8
16
18
21
30
19
22
29
36
16
8
36
13
46
34
nan
12
30
12
17
6
7
2
2
5
nan
10
13
139
20
55
38
29
36
20
53
40
23
8
26
10
37
63
10
nan
32
20
4
26
11
8
42
41
101
15
153
142
21
249
19
10
32
nan
14
nan
18
22
10
1
10
nan
8
1
2
51
19
nan
73
12
23
116
nan
42
51
21
50
12
22
16
8
34
77
4
3
11
nan
4
25
19
13
24
31
22
52
23
21
21
44
48
22
44
66
31
12
17
7
18
10
5
17
38
26
72
56
53
29
18
70
99
89
11
nan
31
34
19
19
60
19
14
62
5
nan
10
8
22
18
36
45
15
34
28
59
nan
50
46
17
13
5
86
32
17
nan
5
nan
nan
41
2
3
18
46
35
87
23
19
50
290
25
37
nan
110
24
8
33
nan
9
13
16
12
33
10
14
3
19
10
12
26
31
16
68
183
102
32
70
18
40
94
15
12
61
10
60
15
13
19
1
45
16
4
11
21
61
32
47
19
94
54
104
166
19
6
nan
18
14
12
nan
2
nan
5
nan
5
10
6
10
14
134
39
43
nan
38
107
56
nan
nan
13
nan
nan
nan
8
14
23
nan
54
nan
3
1
53
63
105
8
8
21
17
26
16
17
46
13
13
26
26
3
nan
58
23
nan
nan
1
14
41
31
19
21
31
25
16
51
86
38
40
88
nan
133
30
34
117
16
17
6
43
3
35
8
nan
26
82
22
41
87
211
32
38
31
4
2
12
24
8
26
nan
24
24
1
7
24
2
8
nan
24
53
28
158
14
140
97
21
17
27
10
19
20
30
27
5
27
90
19
7
1
11
19
nan
10
8
23
43
13
20
nan
113
78
6
nan
13
19
25
8
30
41
25
3
215
5
3
31
3
5
9
20
14
126
13
63
28
2
32
16
18
30
26
7
6
32
36
17
nan
37
nan
22
nan
2
nan
14
64
85
30
196
81
24
49
nan
24
23
72
18
84
22
78
25
5
13
nan
nan
2
16
53
22
12
56
12
49
21
58
7
44
5
nan
105
12
18
54
54
15
25
11
30
69
38
24
22
20
122
25
35
133
6
31
52
54
14
16
28
16
298
25
11
19
17
16
nan
14
17
nan
45
31
nan
56
62
169
36
4
15
41
26
4
48
18
nan
nan
11
8
22
21
29
5
46
15
104
98
23
40
28
31
29
43
33
40
58
31
42
51
nan
36
nan
37
nan
23
nan
1
5
7
16
103
12
14
59
23
53
12
17
nan
30
9
28
8
10
13
95
20
14
nan
nan
25
4
40
39
11
91
31
103
14
25
11
nan
36
62
nan
8
11
61
10
29
38
18
82
12
nan
29
6
12
15
61
37
nan
162
25
88
15
18
22
21
32
nan
30
105
nan
56
8
4
nan
46
59
9
7
19
341
27
33
66
46
74
65
23
12
15
23
23
nan
nan
nan
52
20
nan
nan
27
31
31
44
nan
nan
6
16
7
66
2
48
40
10
nan
150
154
27
nan
98
9
nan
29
5
17
20
19
28
34
27
23
28
45
nan
74
6
26
2
7
38
15
12
27
56
nan
10
30
21
nan
46
22
11
17
648
30
19
70
167
nan
13
nan
121
9
9
nan
18
20
14
12
nan
nan
62
25
8
12
20
6
107
171
77
30
48
54
18
53
nan
11
nan
nan
17
4
73
nan
nan
3
15
16
nan
5
25
92
14
30
328
19
96
25
74
14
59
61
24
22
15
38
9
7
4
100
nan
4
5
nan
34
20
13
27
24
8
85
5
14
63
7
76
121
129
9
49
11
11
7
31
nan
6
7
11
39
66
13
85
43
80
49
23
3
90
nan
59
55
8
92
44
4
8
5
4
nan
5
49
nan
75
nan
20
29
21
88
31
34
24
23
183
9
8
37
33
23
nan
5
26
nan
50
nan
125
10
16
5
41
40
21
70
18
12
19
10
37
9
18
16
2
16
21
nan
nan
4
2
14
5
15
33
76
100
38
47
47
15
49
7
16
19
nan
nan
63
27
26
11
12
4
78
nan
4
20
6
19
15
40
26
53
47
64
67
36
10
8
40
19
16
10
19
nan
8
43
nan
nan
9
119
nan
13
12
37
127
21
38
22
7
162
nan
3
11
18
13
nan
nan
33
110
3
nan
1
16
15
71
48
17
55
157
17
32
103
114
125
46
6
nan
11
nan
10
nan
7
119
41
19
nan
6
5
nan
2
23
nan
2
nan
5
6
nan
8
2
1
6
4
nan
1
nan
nan
nan
nan
nan
1
nan
nan
1
9
1
3
1
nan
5
16
nan
59
34
51
46
17
73
16
30
22
7
36
23
nan
9
26
nan
32
26
nan
54
126
39
37
150
58
14
56
21
37
29
14
34
16
12
97
8
nan
8
8
11
nan
64
63
121
28
72
26
98
205
16
14
13
16
69
58
9
6
nan
10
2
nan
3
2
10
15
11
131
81
57
16
20
136
nan
31
15
8
11
13
24
16
16
nan
74
25
10
nan
14
100
13
34
14
26
22
48
87
50
39
20
6
19
3
7
14
15
nan
22
5
57
9
21
nan
4
9
20
20
27
36
37
50
68
21
15
nan
3
2
14
13
nan
7
15
nan
2
2
nan
7
13
45
22
nan
61
9
9
26
31
12
2
23
nan
19
1
9
6
7
13
17
5
55
nan
4
10
20
78
18
27
34
90
28
16
21
14
96
82
nan
69
158
60
12
7
19
9
2
12
13
37
18
42
23
50
60
70
44
66
54
6
19
10
20
26
13
4
nan
61
7
30
nan
nan
6
13
31
nan
35
50
38
143
32
68
49
23
26
32
18
35
16
103
7
128
24
23
1
118
4
22
8
25
27
28
35
46
124
11
19
31
7
nan
59
22
9
91
18
64
18
5
40
13
3
7
9
11
38
73
44
68
45
53
8
13
15
nan
9
15
26
15
43
26
7
1
8
15
6
9
9
5
47
84
nan
24
95
14
99
11
14
18
24
17
11
nan
27
24
nan
6
2
nan
13
24
90
3
nan
27
39
9
9
19
10
12
nan
3
16
15
112
23
23
39
45
3
nan
20
20
10
19
4
86
57
25
52
21
14
10
14
24
89
33
27
53
51
14
11
35
nan
4
8
121
nan
45
36
10
31
17
33
13
52
27
18
17
12
18
23
20
27
nan
36
13
nan
nan
10
5
16
23
101
37
64
22
21
53
57
202
29
19
57
25
4
nan
85
nan
24
21
4
9
7
7
5
16
172
29
59
106
113
78
22
11
21
47
12
15
7
20
9
14
10
8
36
3
7
10
6
nan
13
17
26
33
55
61
52
51
58
24
43
8
55
10
79
15
54
9
4
nan
nan
nan
7
8
49
6
30
66
9
72
18
77
36
84
14
22
4
23
15
nan
5
7
11
nan
nan
3
16
nan
64
35
46
17
23
16
11
13
27
12
3
60
82
42
32
nan
nan
3
18
3
10
12
37
140
48
13
19
19
124
nan
42
112
28
16
175
20
19
130
137
35
20
13
nan
nan
61
20
21
23
22
55
59
67
94
64
75
43
21
16
15
17
4
18
nan
13
11
6
2
nan
5
4
48
34
45
28
123
36
72
27
16
27
23
9
20
nan
23
nan
44
21
14
88
33
8
8
4
17
39
49
34
14
74
61
57
44
22
10
98
10
9
17
20
8
57
24
13
3
2
7
34
4
13
17
44
60
63
215
75
59
73
33
24
64
12
22
41
13
16
32
6
31
1
nan
95
25
8
7
14
96
17
26
99
18
65
34
7
7
9
18
14
nan
13
100
nan
4
nan
3
nan
5
29
nan
11
19
237
6
159
16
nan
25
1
3
14
89
96
11
99
54
6
9
5
73
9
34
48
113
29
22
80
9
47
37
22
46
83
7
43
128
37
7
102
19
8
nan
3
17
504
20
47
150
42
57
97
48
59
24
99
27
29
16
29
43
39
46
27
9
11
8
8
nan
21
3
70
94
66
34
16
16
62
30
30
35
1
nan
20
51
24
3
30
37
3
5
31
nan
4
19
14
18
19
89
68
61
135
76
21
41
42
25
13
24
22
18
17
20
13
26
37
4
3
9
12
45
20
65
120
22
47
51
nan
51
116
22
54
10
10
107
8
21
33
25
nan
nan
27
3
nan
38
13
nan
111
182
172
31
12
77
115
88
16
124
19
14
nan
69
12
3
nan
nan
18
26
5
29
nan
21
174
77
40
13
12
39
70
24
28
66
34
24
11
13
16
nan
28
6
21
61
29
32
39
26
58
28
22
55
122
138
238
37
27
nan
59
58
38
150
nan
23
20
12
17
20
37
16
35
86
275
82
57
nan
58
41
21
25
8
49
34
24
54
103
20
4
17
118
8
28
23
28
63
19
42
39
45
25
90
11
26
16
18
19
65
19
22
11
45
14
nan
5
14
8
19
6
17
148
34
135
84
59
11
11
nan
46
5
21
5
35
34
19
3
3
2
2
5
3
8
14
54
22
44
182
93
93
53
21
9
46
40
10
11
10
33
21
6
15
nan
5
5
12
17
143
36
170
31
66
86
nan
41
123
31
nan
nan
7
1
63
21
109
9
10
7
8
nan
7
10
27
nan
nan
18
14
61
31
nan
12
88
11
71
103
84
16
9
7
7
nan
nan
19
371
22
23
21
101
26
54
50
28
38
36
nan
60
63
16
71
15
18
180
116
8
8
26
6
31
104
177
19
21
72
47
19
32
135
79
14
16
92
64
63
36
22
26
66
5
8
43
nan
71
19
29
45
67
32
23
18
nan
76
nan
14
6
13
17
13
34
13
11
32
21
30
5
15
4
194
43
18
121
29
62
30
59
90
52
37
64
9
nan
35
36
21
8
nan
60
5
nan
3
27
71
7
12
54
13
47
60
81
132
102
86
44
12
70
12
10
nan
79
16
77
3
12
5
3
16
8
46
39
77
91
4
60
120
30
2
nan
21
10
nan
25
51
13
nan
17
6
3
2
nan
10
7
2
38
130
176
213
15
116
45
29
nan
nan
38
124
69
13
36
23
2
18
nan
20
23
17
36
24
5
6
183
92
31
24
40
18
18
85
21
nan
nan
14
31
6
18
13
6
11
6
21
100
37
57
48
82
97
70
90
66
nan
53
22
23
38
19
140
25
90
nan
42
52
3
19
122
7
13
50
19
80
40
56
62
67
11
10
127
10
26
7
nan
101
9
3
22
14
7
28
23
9
40
133
117
99
25
39
127
81
16
116
21
14
nan
32
40
92
108
11
1
nan
11
14
2
5
22
26
20
21
14
59
39
48
21
41
119
5
40
42
nan
1
nan
38
27
nan
nan
nan
29
8
14
38
8
78
171
208
222
211
16
nan
10
57
nan
76
24
25
15
nan
5
3
5
12
95
19
nan
36
35
37
30
37
14
46
9
8
5
13
64
70
16
5
nan
nan
2
3
9
18
18
19
23
28
33
36
83
34
10
89
49
77
88
6
nan
60
59
23
36
21
4
6
15
8
366
40
18
56
68
28
162
13
nan
56
46
33
52
24
64
27
76
110
2
12
15
6
nan
7
11
17
54
18
33
28
154
38
116
34
32
123
53
103
11
9
14
37
19
nan
2
39
2
11
39
85
67
57
28
67
34
16
42
30
16
26
11
24
27
6
102
3
50
nan
3
27
33
60
4
8
16
15
86
21
11
61
41
30
22
7
38
19
29
31
53
32
32
10
15
5
2
13
nan
20
25
39
140
70
16
31
59
15
12
18
13
27
56
6
22
13
85
30
3
2
3
3
13
32
nan
106
151
37
16
nan
16
41
42
16
9
18
24
57
37
15
75
3
13
nan
14
214
81
28
37
21
49
15
17
6
100
67
43
16
12
94
23
21
24
7
48
49
6
nan
54
48
62
39
98
81
24
10
26
53
39
113
17
38
24
44
16
59
nan
42
29
6
nan
nan
9
40
107
12
124
27
50
45
58
58
14
39
nan
17
24
27
43
218
14
20
25
92
nan
2
3
9
34
5
13
38
70
77
14
20
78
12
22
4
nan
11
115
150
nan
40
54
62
16
nan
nan
2
12
20
34
6
18
20
23
73
27
18
12
27
nan
56
5
11
9
22
21
6
12
nan
47
1
19
5
9
111
111
160
51
73
85
27
46
55
81
nan
52
nan
nan
50
15
7
4
11
60
111
9
6
9
52
174
66
45
15
21
12
32
10
40
18
38
66
43
43
7
nan
2
9
110
16
29
214
37
90
49
34
89
30
27
6
nan
119
50
26
224
45
141
21
18
7
25
5
40
363
192
18
60
94
27
141
46
38
33
74
13
8
129
63
115
11
48
18
87
40
63
9
6
12
12
105
18
9
67
23
36
50
78
45
11
14
17
nan
32
8
16
33
34
nan
8
8
5
7
13
11
182
16
nan
54
139
nan
26
11
14
17
6
13
12
19
20
26
3
nan
nan
1
2
3
9
7
23
47
24
65
57
nan
6
17
79
2
33
nan
30
17
14
41
nan
nan
nan
25
10
nan
7
25
42
13
31
nan
304
163
nan
108
92
147
90
12
13
nan
nan
nan
89
nan
3
nan
nan
1
11
27
19
198
79
29
64
33
73
77
102
24
12
73
21
nan
nan
7
7
8
nan
12
12
21
66
95
61
168
17
73
15
21
18
5
nan
50
8
49
30
95
25
24
6
8
2
nan
9
22
28
44
69
18
14
21
47
31
40
28
13
83
16
128
153
49
nan
19
9
nan
5
5
11
73
13
12
165
27
80
56
73
45
24
62
68
49
8
18
54
148
109
40
13
18
nan
24
nan
11
12
20
170
21
71
32
20
51
60
nan
7
47
14
nan
18
24
42
nan
20
nan
31
28
2
92
54
12
205
44
77
nan
61
nan
57
150
122
20
28
65
nan
23
4
13
174
nan
nan
27
nan
nan
4
20
17
3
14
31
27
27
49
nan
nan
18
20
54
39
11
21
51
nan
49
3
20
nan
2
2
10
240
145
nan
20
21
19
32
13
37
nan
48
21
26
90
17
nan
11
20
2
7
30
15
5
70
123
30
95
45
nan
40
59
17
156
61
32
17
54
56
28
74
6
39
nan
2
11
21
39
22
22
21
44
188
56
21
46
17
53
19
29
10
nan
70
71
9
152
22
4
nan
7
10
101
52
29
53
48
15
25
45
94
149
18
83
16
21
9
27
57
nan
21
7
5
5
1
1
7
144
28
23
29
82
46
12
6
14
25
57
18
9
11
18
18
19
16
53
nan
19
3
5
nan
258
13
14
41
11
39
122
8
16
nan
12
nan
15
10
8
46
32
49
1
14
7
13
nan
95
nan
nan
80
55
nan
416
nan
14
125
10
14
8
9
35
29
45
13
25
2
7
11
5
11
17
29
25
88
52
23
30
16
nan
nan
17
82
7
55
47
63
nan
12
23
13
2
nan
9
13
21
28
24
14
35
33
36
31
25
48
40
20
35
40
59
48
101
74
30
37
nan
11
15
26
12
7
31
54
30
62
57
7
nan
66
nan
23
17
19
62
38
29
68
nan
10
nan
36
113
9
10
38
205
66
19
22
66
55
92
13
4
37
100
14
9
nan
41
63
74
90
4
20
nan
nan
28
8
36
44
15
89
19
31
12
17
10
13
nan
12
15
nan
8
24
304
14
43
12
nan
15
5
6
nan
20
124
22
48
153
45
36
86
17
13
49
112
8
27
49
134
22
6
nan
14
12
6
7
28
53
25
21
106
54
89
10
9
4
10
14
43
51
23
24
23
nan
18
nan
6
11
16
9
30
13
56
23
9
132
3
nan
59
55
nan
21
117
16
150
23
43
6
6
24
40
82
20
96
47
38
41
23
41
48
130
16
2
17
225
12
186
nan
26
76
52
5
3
nan
9
26
18
52
25
62
54
36
131
53
25
70
20
16
35
51
16
16
23
23
18
8
62
12
26
8
74
40
28
12
29
54
41
109
38
37
47
16
8
22
6
107
nan
9
12
3
104
5
5
17
241
11
72
19
38
21
114
35
18
12
11
59
60
21
144
7
29
26
32
186
1
14
12
32
27
12
87
31
79
51
95
133
55
116
140
173
9
60
8
9
53
155
146
69
37
nan
12
3
59
226
129
13
24
212
55
76
69
83
78
40
44
18
7
nan
19
83
67
6
26
3
10
nan
13
252
15
20
21
72
139
50
12
22
17
25
10
10
12
36
nan
74
79
13
21
nan
99
48
55
26
68
28
25
63
19
28
48
21
51
76
96
61
51
118
10
25
9
nan
23
nan
63
56
40
42
83
40
39
61
31
44
24
4
21
11
8
151
52
nan
20
22
nan
13
5
7
49
29
7
29
26
30
22
19
122
41
27
80
nan
16
23
57
10
13
nan
46
nan
8
nan
nan
5
14
9
43
143
42
16
18
181
28
139
39
3
8
9
12
11
31
112
21
nan
45
3
30
nan
7
25
7
169
13
15
106
25
88
94
31
16
142
74
nan
19
30
46
18
25
nan
31
nan
7
9
10
12
16
94
215
37
nan
27
100
nan
11
18
18
13
92
nan
9
nan
nan
10
7
22
nan
9
22
10
6
284
45
151
15
60
17
8
50
18
17
79
16
22
12
nan
nan
nan
nan
6
10
33
27
58
140
37
31
26
24
23
34
19
46
10
nan
24
108
188
121
99
77
nan
nan
42
13
71
69
101
25
54
41
54
45
47
62
33
56
27
22
19
67
18
nan
19
12
109
15
9
nan
79
7
36
33
29
6
36
121
32
69
32
10
7
10
147
nan
46
12
10
11
8
3
28
4
6
40
10
nan
115
19
36
21
40
32
20
47
49
41
3
13
15
29
164
27
84
8
20
5
19
7
19
16
15
53
103
38
68
19
36
20
17
73
36
nan
12
37
33
21
23
33
12
3
14
29
36
55
13
39
22
13
172
106
40
nan
24
34
18
106
3
3
45
20
nan
4
nan
9
17
nan
nan
14
130
38
56
29
36
12
15
nan
13
12
30
108
15
nan
103
nan
4
nan
9
7
15
42
23
1
25
19
34
34
20
136
51
25
60
15
24
128
32
42
51
35
nan
7
4
32
23
44
40
36
26
45
nan
38
49
27
18
85
18
9
4
46
25
18
11
47
nan
13
33
6
22
9
18
144
231
130
31
73
49
44
28
nan
24
52
36
17
19
127
12
7
45
nan
37
8
8
202
14
43
54
43
11
52
16
15
33
2
87
12
7
12
nan
20
34
28
21
4
7
3
11
24
87
16
26
33
nan
155
11
14
19
144
11
9
13
nan
15
48
30
11
4
94
nan
6
4
55
10
81
49
nan
28
37
27
46
28
25
85
9
24
56
24
23
12
13
94
20
nan
9
30
4
nan
nan
nan
17
222
55
25
25
8
13
37
11
27
174
109
16
34
nan
6
34
nan
11
34
36
13
22
17
64
50
37
36
59
24
66
61
90
42
45
18
24
11
5
6
4
2
22
21
533
26
18
25
71
53
74
48
50
15
13
16
12
71
41
85
76
nan
121
3
32
nan
9
134
75
13
57
32
nan
138
58
69
19
17
58
13
2
nan
21
8
nan
nan
64
23
5
8
35
18
28
10
210
18
12
218
135
68
39
11
37
137
22
17
39
44
85
27
nan
42
19
8
10
15
9
36
42
22
27
28
32
19
43
23
38
168
21
11
110
10
23
122
29
12
102
8
nan
4
7
7
nan
nan
200
40
208
176
19
33
14
17
18
11
21
3
nan
10
26
nan
48
2
27
10
29
10
nan
17
71
113
27
13
5
5
20
11
13
nan
16
41
38
23
5
4
53
nan
20
28
141
27
39
25
18
50
65
61
80
36
19
20
23
53
25
162
19
50
nan
nan
4
4
29
32
20
61
173
24
46
nan
67
44
76
29
3
33
10
93
nan
19
13
65
18
7
9
13
6
58
8
nan
28
34
13
9
75
19
23
nan
13
126
11
98
49
26
29
35
64
12
18
2
2
8
164
nan
30
20
75
190
18
59
nan
48
12
44
21
18
28
20
18
142
11
15
32
3
31
4
nan
35
15
96
150
27
33
37
22
16
86
15
54
50
142
17
7
91
6
nan
5
nan
nan
32
61
74
10
55
31
38
29
187
37
4
16
91
13
7
nan
11
nan
39
nan
nan
2
2
4
4
7
2
nan
18
21
10
164
61
46
26
45
35
7
51
7
107
12
95
nan
nan
3
109
80
273
212
28
32
23
44
34
22
38
29
18
7
52
29
11
72
47
13
nan
4
6
2
54
9
30
46
11
198
115
47
31
41
8
27
49
64
142
172
20
31
26
93
nan
91
nan
7
3
9
nan
5
nan
26
21
24
19
51
18
15
14
6
nan
31
17
nan
nan
10
40
nan
148
29
14
5
21
6
64
22
21
21
119
29
43
58
58
13
11
10
21
16
53
98
129
18
nan
19
5
10
7
36
nan
52
56
70
15
91
243
13
90
54
80
28
18
14
12
8
24
6
37
5
nan
nan
2
73
7
20
nan
42
nan
nan
10
17
59
33
21
41
12
nan
56
53
86
10
3
20
1
nan
9
28
4
8
24
6
nan
47
18
15
5
8
12
9
9
33
9
67
2
5
16
nan
3
12
81
40
79
21
7
nan
31
15
17
69
38
6
55
62
11
9
50
39
5
nan
14
22
54
8
17
nan
14
26
32
23
17
29
23
21
52
5
32
7
73
6
12
12
30
8
24
nan
9
3
6
12
11
9
32
17
31
58
54
nan
nan
77
15
8
17
13
nan
25
261
19
23
nan
nan
5
nan
9
12
38
97
54
47
53
35
42
40
35
85
45
18
19
16
19
32
85
3
90
12
11
11
27
10
13
234
nan
nan
202
98
12
30
27
10
7
16
15
8
nan
15
9
30
5
8
11
69
4
8
89
nan
100
19
45
297
26
18
11
28
20
12
12
4
8
nan
5
5
44
19
4
7
3
nan
nan
16
nan
26
16
15
16
13
4
23
nan
12
45
nan
6
6
8
34
13
10
13
19
40
33
91
33
34
22
23
nan
34
28
19
62
nan
9
35
56
132
9
12
3
nan
4
19
20
111
40
30
87
nan
44
16
30
36
72
39
16
6
21
nan
12
37
63
89
108
nan
nan
3
6
19
14
207
197
22
131
63
24
17
21
25
14
26
12
nan
nan
11
8
11
30
19
15
7
39
6
6
12
12
35
18
57
29
17
24
nan
25
18
12
26
48
31
82
16
9
nan
36
25
36
nan
27
18
22
18
28
87
47
15
13
4
19
8
nan
47
24
15
65
47
8
nan
nan
30
2
6
47
12
28
42
94
32
118
148
23
28
8
12
45
20
nan
52
16
24
21
nan
2
nan
nan
7
6
5
15
9
21
27
175
32
5
8
213
9
21
16
nan
137
4
24
22
nan
9
25
25
17
20
13
35
13
56
19
13
22
50
168
42
34
18
27
61
37
132
52
nan
3
10
93
16
36
22
151
28
46
9
110
59
134
11
52
7
15
20
23
37
24
189
51
15
36
5
7
27
5
16
109
8
15
40
30
25
32
93
49
11
39
125
nan
17
40
87
11
45
75
nan
6
40
7
2
167
134
8
nan
181
75
19
36
12
nan
67
24
17
34
25
71
5
5
10
5
10
1
12
7
32
20
92
125
176
66
18
12
117
7
17
12
60
30
13
nan
80
2
nan
11
6
19
9
9
186
21
76
14
233
32
124
100
11
91
20
34
nan
nan
57
79
87
30
6
15
14
6
8
21
25
56
20
29
39
31
16
79
30
13
6
65
9
16
19
52
7
38
22
5
69
45
nan
23
21
25
27
28
nan
47
21
7
19
229
8
6
22
26
nan
16
6
4
26
6
nan
13
22
24
75
33
33
15
67
25
12
49
15
11
23
23
6
42
23
6
137
69
1
17
29
52
nan
76
13
27
39
45
26
53
43
nan
18
20
3
9
23
nan
nan
11
nan
nan
2
3
20
55
10
7
160
20
28
189
37
25
72
26
26
34
nan
11
30
16
48
20
nan
nan
nan
3
65
nan
20
9
124
31
140
30
150
32
47
21
77
31
162
52
56
27
59
165
5
5
26
22
nan
nan
31
10
26
47
76
21
25
115
58
16
18
33
36
10
7
nan
37
147
nan
10
96
8
nan
46
8
8
29
9
97
20
53
25
21
74
154
252
46
150
57
28
55
15
2
nan
nan
5
13
16
22
24
22
9
76
22
36
17
17
46
7
12
203
21
136
61
24
nan
8
nan
13
6
13
28
nan
49
76
40
23
111
22
49
21
17
74
14
19
nan
94
31
58
11
5
1
4
23
5
14
7
10
86
114
22
29
36
80
39
nan
70
8
nan
nan
19
22
20
9
109
61
nan
7
9
17
nan
21
9
24
31
18
132
69
103
12
29
22
5
7
8
24
81
14
36
17
40
1
nan
12
6
9
21
26
25
49
61
62
28
41
nan
46
7
23
16
24
17
60
nan
19
nan
nan
5
58
8
13
13
26
nan
33
15
245
40
107
65
6
22
40
nan
27
4
92
4
nan
65
4
nan
8
4
6
12
109
9
214
13
118
23
20
17
23
25
11
46
21
51
18
13
11
nan
58
42
16
30
39
36
nan
33
12
92
16
62
38
6
32
98
16
119
19
68
21
nan
12
nan
4
7
16
30
27
50
36
93
37
71
89
156
52
38
71
9
25
54
81
91
nan
85
3
nan
45
7
20
6
64
5
58
50
20
19
20
97
22
5
6
42
50
19
8
13
11
13
69
3
nan
nan
5
nan
53
87
34
33
35
23
69
68
34
17
6
13
7
46
35
12
29
36
nan
4
4
11
7
45
9
75
302
46
nan
34
41
28
140
5
9
nan
13
177
nan
17
36
58
nan
8
30
8
nan
6
14
14
28
12
25
64
290
nan
72
nan
130
111
29
104
22
42
18
213
3
nan
10
nan
4
240
39
26
28
60
31
18
nan
nan
11
4
13
7
9
19
22
29
nan
31
16
13
18
18
13
34
131
51
11
26
142
51
nan
44
33
35
44
35
50
54
114
73
8
32
3
42
2
12
22
25
35
27
36
43
84
46
162
166
49
7
nan
48
16
70
1
42
nan
38
49
3
nan
49
7
12
7
78
58
25
276
101
26
37
215
10
14
121
23
191
10
20
30
11
47
17
4
17
nan
12
19
87
34
35
49
18
53
41
20
19
9
36
61
21
nan
49
29
125
9
nan
nan
11
17
nan
3
78
75
27
142
25
79
27
61
98
18
19
107
53
7
22
34
106
26
16
70
4
17
nan
10
11
38
68
39
100
52
49
15
73
22
144
nan
21
21
17
27
56
13
13
nan
23
nan
2
7
11
75
44
7
20
22
20
10
nan
13
33
31
27
22
23
23
13
22
nan
nan
12
21
28
13
27
31
17
37
28
190
57
nan
93
111
51
53
20
334
nan
92
11
nan
4
5
11
15
19
43
41
27
56
254
78
108
nan
36
17
21
15
13
17
17
nan
89
215
13
79
10
3
18
228
51
14
35
33
39
69
43
73
15
76
16
8
23
9
nan
nan
nan
13
101
1
16
1
10
4
9
26
17
35
29
11
27
28
nan
10
52
48
11
8
29
18
36
7
nan
5
6
nan
12
5
10
25
9
47
13
15
27
82
79
68
15
nan
10
11
nan
nan
33
38
nan
22
15
1
1
31
7
123
11
15
238
460
18
239
27
2
12
12
4
10
8
65
26
nan
10
45
6
nan
16
nan
47
12
14
15
42
57
40
18
68
27
40
15
19
12
89
18
3
9
8
11
5
7
17
32
24
21
29
41
30
22
65
33
17
19
36
15
8
43
39
218
nan
7
4
11
5
16
15
nan
31
33
80
25
39
87
33
13
28
21
46
43
nan
41
24
63
105
6
99
39
2
9
10
10
21
19
30
20
86
23
49
17
54
11
12
52
48
151
25
nan
47
42
50
2
22
1
8
7
12
nan
131
49
112
87
98
39
180
112
9
13
nan
158
nan
9
nan
21
nan
nan
nan
nan
nan
8
5
15
59
28
15
22
175
46
44
219
nan
54
nan
151
nan
22
31
29
42
nan
nan
6
nan
9
13
7
15
16
43
47
96
25
14
nan
nan
15
8
62
16
184
17
73
20
nan
nan
6
3
24
1
nan
9
12
21
37
6
16
10
1
35
nan
13
37
132
26
nan
nan
8
nan
8
22
15
21
16
25
20
14
69
36
44
31
nan
64
29
nan
11
33
14
nan
nan
43
7
4
5
7
4
18
26
30
27
14
19
64
29
25
31
6
nan
9
28
57
125
27
8
nan
34
nan
nan
4
nan
13
10
11
9
45
29
127
50
9
nan
5
11
7
7
nan
nan
nan
nan
6
11
30
1
3
nan
1
2
12
19
6
63
66
79
24
54
43
nan
13
nan
22
74
27
20
65
5
nan
nan
7
5
33
8
72
74
111
25
46
124
22
31
28
132
47
8
71
39
5
24
nan
118
nan
4
12
4
19
6
13
6
16
36
nan
65
18
85
nan
71
34
100
12
4
32
10
38
29
3
nan
4
9
7
9
18
nan
26
36
12
55
47
88
46
nan
49
20
27
nan
14
15
nan
20
nan
13
11
26
nan
50
47
16
60
32
18
62
41
53
22
160
104
17
42
121
59
14
5
98
6
8
9
32
87
21
24
27
6
28
108
31
94
28
63
43
15
72
nan
9
9
nan
36
40
nan
2
5
7
6
12
17
63
61
163
20
209
nan
nan
46
11
nan
nan
14
nan
7
20
66
139
nan
12
13
20
11
12
141
37
27
24
9
218
6
17
39
nan
58
8
7
6
10
64
25
8
nan
nan
41
2
6
9
7
3
97
15
142
26
22
100
42
10
13
57
41
nan
124
27
35
5
1
8
2
6
11
nan
11
13
13
13
nan
18
27
7
12
87
103
10
nan
9
18
nan
158
3
112
4
21
14
10
64
nan
122
24
42
14
50
51
35
41
11
26
55
42
35
12
48
22
nan
9
nan
15
27
164
17
88
35
31
7
56
58
77
28
19
27
nan
10
16
20
9
nan
28
30
26
17
61
19
162
21
19
21
199
40
36
20
24
10
37
6
85
16
14
7
40
8
nan
1
nan
9
nan
5
14
24
11
17
24
76
25
28
72
13
19
36
22
15
nan
10
135
41
30
158
10
nan
2
nan
81
12
11
15
119
12
30
355
49
123
103
3
45
31
23
34
58
6
6
5
5
nan
nan
nan
5
15
45
47
34
117
nan
338
7
37
nan
8
15
18
29
161
23
62
197
36
nan
13
nan
nan
3
nan
16
18
39
141
15
5
61
5
35
nan
nan
17
14
17
21
21
70
nan
5
2
9
nan
5
19
2
20
12
28
32
14
12
3
9
nan
nan
20
111
15
nan
nan
16
13
2
1
53
14
24
38
25
26
38
27
59
61
47
53
61
23
11
16
23
28
27
29
55
nan
nan
2
nan
23
nan
43
22
25
18
27
153
103
86
146
138
14
56
7
10
13
14
54
20
5
nan
nan
nan
33
5
116
117
100
42
29
12
39
35
12
nan
8
6
15
187
63
10
21
18
9
nan
nan
nan
5
8
70
9
40
14
107
13
83
14
44
15
12
14
9
51
76
4
nan
25
12
62
9
9
12
3
11
40
18
41
28
32
58
38
39
12
4
8
11
17
6
nan
nan
nan
20
nan
5
nan
1
29
5
35
7
19
53
50
115
65
9
nan
nan
11
13
19
nan
20
39
10
3
10
41
43
2
4
5
22
nan
8
24
7
18
11
1
7
4
nan
6
nan
nan
22
4
7
nan
17
9
3
38
5
21
27
30
44
27
10
18
nan
24
10
8
1
5
28
15
nan
30
1
11
23
8
49
nan
nan
3
12
