1.000000
5.903736
6.245140
7.465155
8.130525
8.232206
10.016914
24.276431
24.848603
27.551640
31.331245
31.508358
31.693163
32.487508
36.640389
39.944661
50.723750
54.797572
66.159454
66.270414
66.398070
73.458811
73.604449
74.795186
75.018265
77.685697
77.923629
78.236982
79.458082
80.702283
80.758290
81.255927
81.754849
83.295797
83.771887
85.706178
87.947246
88.332348
754.328647
754.512008
754.905087
755.708754
756.737759
810.320464
1901.116026
1906.347122
1906.418024
1906.947544
1935.393191
1955.632084
1957.170203
1996.299787
1998.714062
2003.528081
2027.208278
2032.309760
2052.367517
2053.907593
2059.284696
2060.688059
2063.454073
2064.423461
2065.499386
2066.808939
2068.218865
2073.110275
2073.938258
2074.250752
2088.679929
2089.576738
2089.814190
2091.110841
2103.006925
2140.484534
2151.537779
2152.736554
2182.927278
2210.728408
2211.387480
2254.297537
2279.752192
2290.742148
2318.367520
2323.546872
2338.982990
2339.670783
2351.585557
2369.143524
2441.545713
2454.136246
2485.162954
9132.679239
9198.496335
9225.833025
9259.226428
9270.309722
9279.177569
9346.163669
9347.013823
9365.464427
9380.581813
9385.803326
9386.073981
9397.812693
9400.786555
9403.865106
9443.010897
9452.215047
9494.327782
9511.339724
9545.617709
9627.210199
9659.757029
9772.453240
9774.439454
9775.591386
9777.354297
9779.363325
9818.345813
9833.427263
9847.861739
9851.646085
9855.616618
9861.242576
9904.394944
9915.925571
9972.233327
9980.699326
10018.132726
10022.598663
10062.187003
10073.846134
10081.288683
10088.145805
10243.460368
10244.855390
10253.559765
10278.910462
10284.307974
10290.922477
10294.278309
10307.831735
10311.573135
10364.954735
10375.835147
10380.932457
10412.117330
10436.592632
10448.858083
10453.847132
10456.426709
10457.644425
10458.850792
10461.933903
10468.803100
10856.881553
10886.412848
10889.310976
10899.663262
10900.178240
10908.998036
10994.283011
11009.085825
11018.752373
11025.436276
11046.347340
11057.495413
11060.963310
11062.364975
11063.948971
11075.787041
11172.293362
11190.608092
11220.524679
11286.842816
11327.113479
11333.202397
11335.995323
11344.162248
11357.052525
11359.023394
11380.711589
11385.162329
11475.427157
11482.371854
11575.044893
11821.168057
11890.422523
11916.774835
11924.456588
11933.069172
12190.940935
12245.895054
12270.849537
12375.266584
12617.938653
12623.350737
12881.281736
12886.244999
12894.951750
12903.633841
12921.622339
13023.663110
13069.015198
13201.454652
13480.843675
13485.704156
13724.967094
13729.351333
13912.493731
13921.032234
14135.958272
14340.509789
14393.899997
14620.227529
14806.992437
14884.772652
14940.458650
15019.931546
15231.212145
15439.372453
15451.254465
15452.007210
15575.410536
15584.828321
15587.259218
15677.332846
15728.333487
15753.540372
15758.030173
15789.450091
15813.077601
15814.018999
15814.781211
15821.993283
15888.259278
16080.312181
16080.864074
16105.831592
16109.906380
16250.159297
16257.751064
16301.561512
16302.154782
16304.488600
16315.493206
16327.836212
16383.654976
16599.442342
16621.891073
16626.483041
16640.364498
16663.933578
16711.297609
16715.086448
16743.071030
16782.115338
17047.386566
17051.443677
17229.833613
17246.659373
17427.978930
17434.356431
17552.218632
17553.088677
17558.940518
17629.162775
17640.441838
17651.752300
17825.194798
17826.423071
17851.528367
17928.169575
17930.461577
18008.361280
18010.944446
18033.776321
18035.885706
18044.451557
18045.142574
18079.951747
18126.520877
18138.289293
18153.677412
18230.192113
18393.488079
18401.016126
18401.872565
18446.235019
18471.708113
18492.160010
18537.622489
18550.969674
18552.089722
18566.175744
18576.751940
18681.020412
18788.146167
18975.843785
18981.178225
18994.389109
19018.635050
19088.752139
19095.830532
19104.948970
19168.128882
19190.204486
19214.789495
19219.733190
19248.248478
19421.115612
19614.571915
19634.045318
19641.884255
19663.036207
19685.572273
19694.752136
19706.062968
19869.717223
19872.520215
19892.345062
19896.987572
19898.339280
19908.216031
19937.683266
19938.141010
19947.536952
19948.810295
19952.978454
19965.201584
20150.212115
20152.146388
20209.110729
20213.432110
20235.333346
20314.570008
20460.752999
20531.879122
20542.705951
20544.056571
20545.790586
20549.525778
20690.257572
20691.910980
20695.489493
20697.275293
20706.903946
20708.649734
20714.323371
20734.055232
20739.881075
20761.201769
20761.560508
20790.556617
20793.672248
20801.786832
21008.948827
21018.687795
21021.309983
21036.356253
21087.526915
21092.914495
21101.215095
32039.262190
43856.046652
44290.345585
44556.616488
44569.599379
44571.752647
44579.658463
44729.836956
44732.698198
44739.635098
44785.580785
44857.370105
44873.048100
45124.947860
45152.864540
45173.315429
45194.996191
45287.683885
45391.770390
45399.244474
45459.195134
45477.300382
45622.845445
45721.386108
45831.281353
45950.406820
46126.846260
46262.358591
46270.770885
46328.215074
46353.868250
46365.124615
46448.834822
46562.879288
46644.482711
46645.690393
46743.381659
46747.288034
46801.964016
46890.417820
47049.870984
47059.944392
47162.197039
47233.867740
47264.621491
47270.417010
47372.978070
47490.050341
47492.078142
47758.500612
47767.663703
47892.266729
47968.197107
48060.469020
48085.455977
48090.908674
48092.598143
48185.613682
48267.450031
48345.875856
48362.158151
48519.797163
48662.032133
48674.195020
48684.924599
48813.502482
48826.173894
48865.941828
48874.758207
48991.967462
48992.485877
49010.128081
49017.253722
49024.594858
49048.925886
49173.843507
49175.346379
49180.552708
49183.808744
49198.893654
49207.737462
49242.504956
49245.155355
49263.107125
49282.162475
49303.876500
49313.801755
49435.307900
49441.229558
49442.385172
49450.853847
49462.287794
49488.292458
49502.618602
49543.483876
49585.876980
49608.818978
49623.148996
49635.184495
49645.703849
49650.587311
49664.017187
49920.592765
49933.877391
50022.311513
50085.211147
50087.197479
50099.167982
50101.870690
50237.980758
50282.528912
50328.767709
50331.400396
50336.920397
50338.585427
50447.394944
50450.715253
50663.270820
50789.464961
50844.561643
50874.548589
51146.200456
51239.291462
51241.266104
51297.003857
51377.275135
51397.631110
51399.143604
51412.525844
51427.869411
67603.104645
67646.819986
67665.082161
67709.902178
67832.843237
67843.321269
67947.716909
67957.564380
68009.515112
68056.677213
68090.626768
68110.831161
68212.888952
68278.152786
68330.432940
68337.594096
68339.350787
68341.175679
68347.100815
68348.003426
68350.654884
68359.010063
68367.624889
68382.444465
68396.533646
68424.202382
68434.118195
68445.564214
68502.130855
68533.708849
68610.894405
68700.370593
68858.517444
68939.300771
69095.130752
69209.022543
69382.029167
69571.438625
69760.812724
69888.468828
70003.740262
70378.602175
70585.282910
70753.420646
70766.523275
70868.867171
70897.744588
70903.533055
70905.916060
70941.537754
70946.862946
70947.602286
70956.537107
70957.665994
71308.864257
71323.146492
71471.496230
71517.253161
71551.547709
71574.148478
71578.410217
71600.225187
71736.053003
71756.297290
71846.930800
71916.505931
71930.799289
72067.733782
72071.860079
72091.263582
72112.469027
72149.701404
72464.048057
72521.195573
72748.197855
72889.690653
72905.306772
72968.063983
73062.891341
73219.812163
73318.374459
73374.880565
73407.635647
73574.199927
73622.432296
73931.225883
74323.748460
74384.712175
74709.432500
74724.972022
74743.083831
74825.357442
74825.728127
75044.656214
75119.302936
75159.856140
75167.829763
75249.569938
75266.439540
75470.533487
75616.942905
75919.483724
75928.733922
75933.249057
75936.164028
75954.780357
75962.303504
75963.404528
75978.866231
76016.768950
76034.562521
76069.315222
76086.719826
76129.812842
76143.717332
76182.252298
76250.673703
76287.068819
76454.767613
76658.282613
76665.709086
76678.814269
77033.916525
77036.944796
77175.606129
77478.307849
77554.075401
77575.082380
77579.737940
77808.412349
78041.409207
78055.057640
78258.320434
78445.781308
78624.115620
78757.801793
78867.957225
78989.832806
79079.104783
79220.279254
79293.233209
79306.217734
79593.418204
79664.820332
79739.964525
79782.751021
79968.829099
79981.842506
80145.778317
80158.079600
80280.949748
80289.487374
80374.510990
80519.630444
80535.049728
80562.757847
80645.710398
80836.765828
81045.813925
81291.548745
81491.295353
81587.186984
81729.486613
82041.169370
82201.015757
82425.564527
82610.388910
82650.244060
82661.908185
82689.470718
82940.322715
82948.879078
83079.588732
83088.967355
83101.508863
83177.788766
83236.131147
83259.238912
83395.131217
83622.465363
83771.189540
83979.020711
84016.683902
84070.064169
84116.346371
84166.193607
84169.299559
84269.305281
84315.577187
84382.147153
84391.536659
84414.062742
84416.588672
84430.438380
84438.987615
84464.912359
84510.700766
84512.057983
84530.725872
84857.450587
84870.907950
84880.071643
84924.181731
84979.936348
85067.934107
85095.035834
85102.434145
85107.663672
85146.571167
85400.616478
85413.798643
85512.348776
85567.174511
85642.698701
85742.392739
85826.608159
85844.543815
85932.768545
86050.526224
86159.327897
86435.397258
86471.271019
86743.089356
86857.099141
87004.643105
87200.251369
87278.195307
87291.239589
87293.493415
87344.142547
87376.326902
87380.656876
87395.860914
87401.522163
87493.587148
87537.557834
87573.366714
87673.761003
87719.766512
87726.339781
87811.301402
87908.617307
87968.708705
87979.963991
88067.092140
88185.280155
88271.684770
88320.551140
88325.490803
88338.606835
88354.961056
88394.042297
88396.203309
88482.735794
88489.828855
88542.166024
88561.521142
88663.139673
88667.272006
88682.800934
88698.586966
88725.298050
88764.353576
88765.028559
89093.109538
89111.092641
89141.571393
89148.416133
89176.029099
89294.074884
89352.088905
89373.406120
89476.563141
89487.578967
89493.882831
89518.357625
89796.537908
89807.124448
90160.149699
90173.203935
90183.814625
90200.709434
90238.271183
90244.312203
90248.277447
90579.198692
90598.932205
90602.875322
90621.920346
90773.588667
90852.705097
90994.422456
91104.062676
91136.828285
91172.330338
91209.929380
91539.222988
91554.167881
91647.926394
91725.320833
91730.883281
91734.575154
91749.759335
91760.739709
91779.205068
91798.694365
92045.090008
92062.254127
92065.430968
92092.540761
92128.013139
92133.805890
92182.319893
92187.270415
92227.925476
92291.424431
92324.237974
92364.719490
92404.506560
92491.058408
92528.705482
92540.960482
92828.428903
92934.697939
93114.224848
93115.931388
93124.488546
93156.943845
93162.827670
93168.024164
93176.859122
93295.218359
93604.740484
93885.071076
93903.685716
93951.326812
93975.671393
94025.635472
94029.909740
94033.566473
94037.766180
94059.337083
94085.099394
94097.930971
94104.077150
94114.528615
94135.020385
94174.186281
94185.385302
94190.897850
94220.513837
94251.712928
94322.834835
94402.630361
94604.477416
94784.717854
94994.540672
95175.293651
95329.522636
95472.603135
95645.682980
95661.766418
95985.429169
96268.042657
96586.432813
96625.788244
96913.662140
97213.365129
97223.224699
97257.831122
97388.377629
97396.359327
97503.154394
97541.115446
97613.850829
97679.614996
97735.171822
97785.076079
97793.233867
97810.846162
97969.694352
98286.505237
98297.743606
98306.353374
98326.668883
98329.754459
98359.970366
98455.917767
98732.986990
99008.221299
99271.228607
99531.891459
99551.894449
99581.658152
99636.481114
99813.628411
100079.040107
100101.603014
100144.181138
100249.197210
100284.338535
100346.918131
100373.499284
100384.337777
100503.272059
100554.263796
100581.114901
100666.510065
100678.979617
100690.334982
100698.739634
100706.402034
100723.531311
100735.096884
100804.171156
100863.986837
100888.860936
100918.036530
100953.480719
100990.408098
100996.457764
101051.869741
101284.288382
101307.599647
104954.867583
105007.585029
105067.191779
105361.984333
105459.423893
105546.952710
105642.682579
105759.838621
105800.200272
105853.037647
105874.503338
106015.554237
106024.274005
106058.818572
106090.630392
106100.891086
106195.438780
106241.957783
106342.116113
106357.746515
106384.813989
106421.741880
106501.530019
106581.318341
106609.008672
106730.040851
106825.932599
106858.396486
106862.455770
106983.586246
106987.676254
107098.251453
107246.848664
107435.016516
107442.106433
107466.784728
107589.633573
107603.555907
107620.959946
107631.498059
107839.950997
107858.596502
107878.258443
107959.163996
108003.308927
108086.741043
108206.319890
108327.568500
108336.830967
108338.590158
108383.164127
108664.495081
108666.749539
108673.415241
108761.660171
108789.150158
108868.656063
108879.850057
108883.479957
108933.252107
108968.680942
108985.234275
108994.850905
109216.631084
109320.713894
109324.063287
109333.466170
109338.184463
109491.891423
109621.816253
109640.184581
109879.128608
109971.638948
110023.652922
110060.364312
110182.820845
110192.348154
110195.206891
110409.569186
110682.801149
110744.984015
110759.267710
110764.354831
110774.673242
110817.893315
110819.780274
111076.506536
111084.247697
111090.052708
111152.820292
111226.370573
111327.339292
111347.794516
111349.130448
111437.224969
111444.512220
111472.357650
111527.774647
111542.358114
111581.108077
111648.250861
111650.338513
111668.326842
111681.419411
111703.374391
111733.044338
111784.160516
111841.154782
111899.098711
111968.820020
112044.652191
112188.018817
112338.247620
112511.203493
112514.145611
112672.132883
112876.401715
113064.771234
113236.616304
113371.572840
113484.114543
113744.921598
113898.670126
113902.929324
114094.238118
114287.783540
114568.711784
114979.490706
115390.380054
115421.339067
115434.885287
115527.126200
115685.309495
115715.277682
115793.119723
115802.025598
115806.060559
115899.942783
115900.676678
115906.145938
115914.641124
116005.920683
116090.609946
116103.164068
116109.547574
116113.898903
116144.771275
116172.201415
116187.845157
116250.658757
116422.982177
116516.039609
116517.232084
116734.113017
116754.045241
116929.707368
117060.305065
117079.423643
117117.697541
117172.617855
117200.819709
117217.869306
117234.037602
117632.091077
117641.404225
118017.807679
118025.178119
118058.254171
118086.794373
118127.146489
118512.420532
118908.624649
119096.808881
119118.403048
119136.251544
119195.322519
119198.373252
119204.373998
119206.623768
119378.626631
119656.692691
120065.826640
120258.804905
120373.339743
120538.807830
120637.108528
120731.156096
120735.228484
120739.894587
120831.789176
120856.561147
120867.503394
120978.324079
121035.780944
121199.211251
121200.136122
121273.852828
121340.425777
121451.345984
121601.140741
121603.474773
121640.545061
121751.428060
121775.015326
121875.004365
121892.254741
121907.747451
122015.962589
122114.155534
122201.206215
122473.481012
122611.825739
122802.332965
122915.591928
122940.078119
122949.105175
123288.516267
123469.800005
123475.192079
123478.363522
123502.897260
123525.949696
123731.039531
123769.182838
123896.010237
123960.983421
124003.428901
124010.267441
124017.861680
124037.542961
124043.134069
124043.488626
124046.528476
124074.404126
124090.356440
124239.475423
124324.873269
124340.106068
124424.750873
124653.124434
124878.468443
124879.709051
124899.947044
124916.961446
124941.908046
125144.124003
125145.959503
125398.138860
125410.066112
125608.495838
125627.150844
125747.894983
125755.693276
125949.935732
125972.882873
125983.611552
126071.895965
126386.818781
126491.480137
126509.679229
126534.778395
126731.475526
126765.444366
126783.009906
126842.384302
126852.179685
127214.906055
127221.725544
127259.997591
127344.784465
127394.792993
127592.086907
127654.071571
127691.050979
127714.178065
127797.337170
127822.202569
127880.317146
127892.717533
128066.916812
128159.457055
128202.824061
128288.704131
128439.799684
128580.309271
128623.810803
128847.122195
129001.570397
129096.585587
129162.075059
129186.907770
129208.131256
129212.791003
129422.027280
129424.338758
129527.479468
129754.185576
129808.970277
129816.649345
129819.946187
129881.683899
130108.995726
130114.118583
130120.520392
130287.848387
130520.312702
130531.357837
130578.207342
130629.245136
130658.332187
130723.575395
131048.761895
131092.639828
131297.695144
131460.240910
131493.411247
131519.567754
131556.581383
131592.354318
131825.457860
131845.133341
131944.223139
132013.481215
132045.724251
132055.787826
132058.584233
132209.525472
132261.782970
132285.045312
132343.732917
132460.767095
132480.245280
132483.704927
132487.397306
132503.737473
132708.668646
132813.581814
132828.440137
132926.900320
132973.184796
133024.932909
133050.066093
133109.356251
133207.427222
133426.634521
133429.718305
133578.817266
133607.401417
133615.771171
133618.536539
133632.642146
133859.022199
133986.607103
134032.873260
134036.099428
134038.501778
134082.630994
134096.255197
134118.624464
134253.010850
134271.242113
134295.934193
134419.869502
134430.212298
134466.547235
134518.010535
134556.097663
134571.825752
134591.135520
134670.053623
134671.123472
134695.788388
134861.824316
134890.762612
134942.474823
135192.716670
135196.458416
135258.799060
135273.395708
135304.844128
135351.128688
135360.110493
135449.799406
135490.780669
135514.283513
135515.326613
135533.020324
135540.459934
135541.986321
135560.507030
135564.940949
135770.591576
135888.668576
135912.814927
135918.687720
136127.317167
136136.810194
136157.677009
136170.871160
136174.923440
136219.185428
136223.425959
136260.621036
136266.634858
136315.292236
136341.686520
136366.066311
136391.145056
136410.734436
136429.092769
136485.845031
136517.836883
136534.115519
136584.818370
136608.463109
136627.528899
136643.423515
136712.623321
136724.299165
136807.224413
136812.502876
136877.690150
136886.692985
136914.913191
136923.812334
136967.087688
136968.078811
137001.576083
137013.064592
137101.666135
137110.078185
137143.822798
137217.941148
137219.465716
137249.299861
137252.779998
137260.413099
137318.632438
137319.827846
137324.748338
137327.803180
137329.381643
137338.703501
137381.599990
137412.685986
137479.642686
137487.624672
137523.946730
137554.742916
137577.182822
137583.782186
137608.343864
137610.004537
137624.508223
137714.470367
137717.795137
137743.356690
137779.518912
137797.421254
137804.770000
137893.639424
138011.643296
138136.826738
138148.036075
138273.416550
138288.413915
138420.499470
138558.386378
138705.033595
138833.755068
138848.592729
139014.439579
139142.767718
139253.385911
139338.859297
139416.814234
139507.645920
139609.049633
139717.373788
139818.939502
139920.025131
140017.444702
140091.820862
140288.705298
140293.522059
140296.449800
140363.805526
140471.462490
140577.272749
140673.399265
140814.483757
140936.252636
141054.533907
141178.832985
141311.075485
141332.192063
141334.298613
141344.499582
141345.974195
141349.631746
141350.507005
141362.614636
141375.782526
141379.203450
141392.525531
141496.821684
141662.536990
141783.135227
141859.774999
141961.899000
141966.050993
142101.403382
142122.826261
142125.188015
142130.242988
142133.121110
142147.774815
142148.820812
142156.695757
142172.531755
142184.601983
142205.932982
142223.440433
142225.960426
142235.223581
142261.429753
142286.792025
142346.929658
142375.910689
142475.057455
142507.726115
142524.925135
142556.840009
142614.717944
142642.550982
142679.032445
142703.240859
142740.251978
142795.580473
142879.597662
142950.858525
142980.161902
143237.832617
143413.976054
143418.632492
143423.900729
143426.183211
143449.164765
143470.429770
143744.689970
143747.518839
143763.192500
143781.554601
144008.658801
144018.535701
144042.457545
144114.139125
144117.849378
144379.237288
144423.292797
144462.968074
144464.535269
144485.445633
144506.378897
144529.557676
144557.396128
144578.704545
144604.377293
144684.407716
144693.332033
144695.056554
144698.174296
144722.473459
144733.094903
144742.469676
144756.133169
144958.033187
145058.556481
145106.025473
145110.716169
145124.594588
145192.864366
145230.724211
145260.239983
145314.639176
145328.053409
145337.431190
145341.378044
145373.491573
145431.326614
145441.606599
145442.295186
145470.647396
145476.194511
145482.177544
145543.059752
145583.215252
145639.535854
145664.700884
145670.306480
145709.332249
145757.553151
145866.181202
146200.374870
146333.342463
146438.281796
146587.450493
146738.788071
146768.623118
146851.324261
146856.493528
146867.473439
146873.410880
146942.859066
146956.357595
146964.133301
146977.573682
146984.349695
146999.568102
147002.464888
147083.195266
147093.286911
147119.425947
147123.272760
147133.541785
147140.149150
147176.235475
147197.986067
147245.697367
147250.625836
147253.136194
147260.412491
147263.645836
147509.811355
147517.241464
147525.944961
147566.577370
147612.624221
147613.628271
147689.573926
147932.149586
147961.107973
147964.119506
147965.052784
148093.524267
148108.546469
148118.866647
148243.263756
148295.926850
148372.222353
148400.113652
148429.042661
148487.966946
148570.708845
148595.984016
148632.372388
148663.538615
148667.831219
148893.827471
148926.118894
148928.091268
148963.665398
149191.187957
149232.592082
149291.815646
149301.627172
149384.854623
149603.820104
149639.943044
149651.556606
149907.155334
150089.456940
150107.756587
150133.091130
150348.418386
150356.268568
150374.515966
150443.635286
150535.707356
150542.838755
150803.340089
150812.819338
150850.761900
150941.238547
151223.116422
151327.678783
151389.634637
151640.620586
151668.441256
151759.327644
151787.960267
152037.036669
152110.978521
152215.378804
152217.592700
152421.017480
152423.033451
152452.930165
152461.599431
152571.769651
152709.898532
152811.186803
153012.817322
153037.884088
153163.031332
153188.850533
153192.263843
153209.206383
153211.115481
153217.529149
153218.857798
153237.424689
153451.570479
153466.539616
153677.153295
153692.169581
153715.971484
153739.785950
153773.608940
153791.055806
153875.758692
154027.892121
154040.503209
154051.747787
154166.341388
154184.594080
154189.964516
154297.169440
154300.053634
154341.533474
154358.125605
154375.759189
154379.867933
154385.649578
154413.018192
154423.144264
154429.530346
154432.994753
154531.801760
154565.548316
154706.616843
154730.763780
154878.939489
154882.313027
154934.447879
154936.256294
154937.898912
154953.241863
155002.051369
155182.828816
155205.829892
155247.388323
155318.466089
155352.089182
155389.524706
155466.644962
155520.278635
155672.408664
155679.818886
155729.705795
155730.911212
155737.567391
155739.686024
155748.434753
155926.918480
156101.904483
156128.889614
156190.747555
156199.732609
156317.662664
156451.982247
156565.441403
156578.819228
156587.964389
156711.396612
156715.263827
156740.997308
156810.065274
156829.653881
156858.780798
156883.425887
156943.423289
157012.514498
157041.271864
157077.259870
157081.173328
157124.840557
157131.069771
157143.992392
157151.860034
157168.394682
157225.087934
157295.776782
157314.121904
157330.037539
157345.165891
157424.663716
157454.822738
157526.513083
157557.526754
157575.066665
157606.611241
157695.326953
157758.067948
157760.826383
157767.434064
157779.235479
157785.473526
157822.572449
157849.474044
157868.585849
157976.986088
157990.856180
157997.020169
158011.699555
158046.768477
158064.779989
158074.233335
158084.739898
158123.977696
158176.995498
158198.626123
158221.725801
158241.381953
158256.828761
158273.378701
158275.406498
158296.309993
158433.387960
158492.253661
158581.400105
158803.489623
158833.845979
158838.684144
158964.241189
158967.453080
158980.880186
158999.128478
159156.588445
159231.455789
159425.337025
159635.733625
159887.111875
159973.097163
160118.275533
160237.403626
160243.620207
160287.011008
160290.904041
160315.877348
160340.952007
160370.162082
160395.200371
160424.941012
160476.348872
160516.772560
160573.011071
160611.716124
160658.162489
160705.305785
160721.077801
160768.214385
160858.379342
160934.160571
160998.899074
161096.796782
161115.695668
161189.390179
161332.516924
161395.834567
161416.115684
161487.722743
161560.154099
161575.212070
161616.060668
161670.279106
161682.049767
161685.813015
161885.191583
161891.931981
161932.117563
161966.125134
162002.415252
162010.771535
162044.515217
162074.961079
162217.060488
162250.981563
162266.069393
162285.905233
162376.494191
162485.669909
162552.825684
162614.462734
162678.335956
162744.106707
162751.261228
162761.420389
162797.908963
162872.221229
163021.096821
163222.239937
163224.027308
163229.932813
163242.228360
163281.873759
163323.377518
163368.049056
163455.976977
163486.297340
163577.050910
163663.356916
163697.299766
163800.187857
163957.633821
164079.548902
164117.597725
164248.094995
164396.351078
164611.473501
164661.051462
164868.374147
164883.327789
165055.365322
165231.195279
165422.503638
165470.423850
165655.531349
165709.980661
165909.994772
166121.107735
166353.407174
166579.997854
166853.992162
167165.278780
167467.967496
167504.484967
167539.795901
167890.851556
168252.183835
168599.232294
168829.464239
169182.071827
169523.382329
169902.778853
169935.387807
170278.966186
170640.010716
171021.410201
171387.632088
171725.546949
171749.050383
172197.955975
172578.273192
172958.216134
172984.284102
173377.451161
173738.477332
173987.880228
173999.830125
174240.756905
174626.036024
174653.547099
174886.710249
175145.735035
175177.851795
175180.544811
175198.573389
175199.620967
175517.352404
175524.095974
175659.049273
175788.937464
176137.106087
176215.338316
176389.888234
176441.614869
176541.411945
176563.305520
176924.124691
177120.639238
177213.163000
177363.784816
177759.011402
177882.307633
177960.040996
177989.123769
178033.542573
178093.364582
178139.599054
178187.668287
178393.202945
178488.488447
178629.115575
178631.914928
178651.490754
178698.563594
178710.982802
178712.648707
178940.473521
178980.860230
179015.351469
179315.707738
179341.520437
179380.967726
179407.287219
179431.581460
179462.874010
179647.894929
179713.210314
179716.425606
179736.765934
179744.534476
179748.394930
179951.010918
180246.391627
180640.225785
180679.163517
180687.829500
180722.815327
180729.136057
180740.036829
180793.385116
180865.668846
180867.390758
180976.938644
180985.537533
181282.232784
181290.055958
181301.466948
181329.193123
181336.150062
181339.691623
181344.767257
181348.457248
181380.825834
181412.660634
181693.873719
181702.141415
181756.195850
181771.757734
181786.629038
181792.528684
181800.303697
181817.255457
181857.694695
181860.292041
181923.750208
182011.248237
182020.035659
182023.038510
182039.494337
182057.087614
182187.304780
182196.228683
182236.454484
182371.306887
182413.940893
182472.303824
182482.510425
182523.166291
182533.756008
182538.525007
182566.767722
182635.436607
182654.429651
182740.802308
182744.557004
182856.543554
182993.140546
183149.591328
183276.254670
183384.520878
183496.723011
183644.228654
183762.114011
183853.960406
183955.449991
184028.357336
184100.948317
184105.294590
184162.200427
184195.809084
184221.197630
184304.589269
184347.960713
184377.106583
184420.035477
184434.648226
184451.998279
184471.907329
184485.130380
184503.000555
184522.580523
184575.712055
184581.735312
184597.624998
184647.675219
184666.018539
184672.446245
184703.685780
184709.308221
184709.947438
184733.943319
184750.414584
184820.346435
184850.988095
184873.025315
184905.843184
184913.269973
184947.888302
184958.202373
184980.096539
184985.484656
185115.524977
185130.418486
185159.692235
185171.114543
185172.191551
185177.953318
185179.580659
185197.204987
185285.495019
185403.689306
185506.069230
185698.661582
185788.635726
185798.603884
185883.607801
185973.798095
186132.088871
186310.261681
186533.677138
186536.997731
186581.869809
186679.253865
186684.505018
186698.834052
186701.738635
186716.936270
186727.994111
186800.585933
186829.252272
186839.060183
186850.061252
186859.397940
186865.698721
186868.397778
186874.712971
186877.588428
186904.803891
186996.910019
187001.912079
187029.824637
187036.425889
187148.001558
187159.762072
187164.475267
187195.699669
187238.844622
187245.760535
187253.349207
187307.997883
187316.998195
187341.324336
187357.027915
187379.898293
187391.170145
187433.127100
187469.017140
187505.888828
187549.972871
187660.417026
187694.503184
187709.686725
187737.505530
187853.377345
187894.049898
187918.321716
188019.837826
188098.340305
188448.358044
188458.962532
188543.117917
188545.015195
188549.018985
188668.179630
188677.350309
188680.572275
188715.139142
188793.125779
189101.000526
189377.439618
189412.216507
189414.040122
189415.757129
189488.642407
189506.613499
189627.652313
189790.162730
189806.281963
189938.649816
190286.490126
190297.719212
190298.429624
190678.789918
190686.728466
190698.593736
190702.053937
190713.384825
190714.766255
190729.703354
190739.856442
190773.325130
190826.745430
190872.882497
190910.848227
190935.698973
190938.949383
191077.575128
191098.863671
191153.693884
191237.127002
191240.974278
191282.496599
191367.423860
191444.310351
191661.219923
191677.556799
191681.024237
191684.127689
191692.772061
191693.674047
191694.520244
191714.391907
191814.503618
191932.196491
191951.047717
191973.704199
192006.544085
192022.058810
192032.025209
192187.522252
192189.414137
192250.093461
192251.118629
192315.520056
192328.966446
192438.920290
192446.195233
192544.491848
192569.017045
192617.371533
192686.051687
192898.063684
192996.722186
193012.595901
193041.658978
193128.423740
193139.796193
193144.504982
193155.446369
193211.895847
193291.397243
193314.683910
193347.041172
193377.428227
193392.613715
193409.641574
193426.986998
193442.030114
193457.041911
193597.492606
193789.573162
193973.989543
194009.482972
194019.270063
194078.260205
194129.592578
194129.835769
194133.717325
194138.833215
194252.684860
194296.099199
194347.068091
194361.730386
194419.777141
194423.083454
194424.054553
194448.979142
194475.607012
194524.180142
194580.889981
194641.792095
194716.397623
194769.517622
194781.625743
194832.222222
194837.739840
194847.425077
194868.163760
194903.518764
194910.106345
194961.384202
194987.108566
194993.335345
195008.575592
195056.487239
195275.354472
195302.352886
195303.696266
195328.909792
195329.886774
195344.606322
195354.507705
195355.544707
195588.540715
195620.892435
195639.066994
195647.897305
195799.068010
195858.920571
195890.885234
195910.944948
195914.819398
195959.330828
196048.318756
196133.591491
196136.138061
196150.012035
196172.925410
196187.728885
196191.314986
196196.599471
196241.054240
196334.730203
196427.480703
196533.388926
196551.790724
196571.671654
196597.587473
196629.470040
196709.890006
196711.223188
196731.052351
196777.538738
196786.721213
196811.363418
196840.437631
196847.972139
196874.374664
196943.864793
197048.859776
197050.150181
197064.393312
197067.937208
197070.290773
197145.009217
197157.953907
197200.577111
197317.001661
197506.635157
197644.831906
197687.858894
197696.733013
197702.727744
197757.754800
197771.174211
197801.058568
197819.454719
197845.533353
197848.555862
197871.415086
197885.696151
198045.220991
198076.732719
198103.091684
198107.603531
198127.558163
198162.540020
198176.966340
198215.711987
198384.665718
198504.893852
198662.483417
