790	3.23144643461e-07
1542	3.23144643461e-07
1646	3.23144643461e-07
1880	3.23144643461e-07
2293	3.23144643461e-07
2568	3.23144643461e-07
2894	3.23144643461e-07
3330	3.23144643461e-07
3503	3.23144643461e-07
3600	3.23144643461e-07
3975	3.23144643461e-07
4250	3.23144643461e-07
4519	3.23144643461e-07
5391	3.23144643461e-07
6067	3.23144643461e-07
7146	3.23144643461e-07
8365	3.23144643461e-07
8883	3.23144643461e-07
9541	3.23144643461e-07
11685	3.23144643461e-07
11748	3.23144643461e-07
12138	3.23144643461e-07
12711	3.23144643461e-07
13459	3.23144643461e-07
13721	3.23144643461e-07
13792	3.23144643461e-07
14121	3.23144643461e-07
14158	3.23144643461e-07
14352	3.23144643461e-07
14370	3.23144643461e-07
14725	3.23144643461e-07
14893	3.23144643461e-07
15445	3.23144643461e-07
16062	3.23144643461e-07
16390	3.23144643461e-07
16394	3.23144643461e-07
16434	3.23144643461e-07
17178	3.23144643461e-07
17400	3.23144643461e-07
17854	3.23144643461e-07
18566	3.23144643461e-07
18638	3.23144643461e-07
18639	3.23144643461e-07
19156	3.23144643461e-07
19183	3.23144643461e-07
19189	3.23144643461e-07
20148	3.23144643461e-07
20452	3.23144643461e-07
21972	3.23144643461e-07
22173	3.23144643461e-07
22804	3.23144643461e-07
22866	3.23144643461e-07
22874	3.23144643461e-07
22907	3.23144643461e-07
22989	3.23144643461e-07
23207	3.23144643461e-07
23873	3.23144643461e-07
23932	3.23144643461e-07
24599	3.23144643461e-07
24874	3.23144643461e-07
25624	3.23144643461e-07
26823	3.23144643461e-07
27379	3.23144643461e-07
27388	3.23144643461e-07
27396	3.23144643461e-07
28721	3.23144643461e-07
30519	3.23144643461e-07
30837	3.23144643461e-07
31197	3.23144643461e-07
31327	3.23144643461e-07
32119	3.23144643461e-07
32877	3.23144643461e-07
33526	3.23144643461e-07
33632	3.23144643461e-07
33975	3.23144643461e-07
34087	3.23144643461e-07
34711	3.23144643461e-07
34771	3.23144643461e-07
35503	3.23144643461e-07
35814	3.23144643461e-07
35889	3.23144643461e-07
36810	3.23144643461e-07
37687	3.23144643461e-07
38278	3.23144643461e-07
39366	3.23144643461e-07
39964	3.23144643461e-07
40112	3.23144643461e-07
40114	3.23144643461e-07
40166	3.23144643461e-07
40457	3.23144643461e-07
40861	3.23144643461e-07
41378	3.23144643461e-07
42170	3.23144643461e-07
42573	3.23144643461e-07
43913	3.23144643461e-07
43992	3.23144643461e-07
43995	3.23144643461e-07
44108	3.23144643461e-07
44374	3.23144643461e-07
44774	3.23144643461e-07
45037	3.23144643461e-07
45060	3.23144643461e-07
45380	3.23144643461e-07
45481	3.23144643461e-07
45939	3.23144643461e-07
46290	3.23144643461e-07
46307	3.23144643461e-07
47081	3.23144643461e-07
47265	3.23144643461e-07
47367	3.23144643461e-07
47436	3.23144643461e-07
47763	3.23144643461e-07
47822	3.23144643461e-07
47836	3.23144643461e-07
48515	3.23144643461e-07
48682	3.23144643461e-07
49570	3.23144643461e-07
49583	3.23144643461e-07
50410	3.23144643461e-07
50450	3.23144643461e-07
50473	3.23144643461e-07
50497	3.23144643461e-07
50596	3.23144643461e-07
50608	3.23144643461e-07
51522	3.23144643461e-07
51691	3.23144643461e-07
52010	3.23144643461e-07
52246	3.23144643461e-07
52296	3.23144643461e-07
52550	3.23144643461e-07
52769	3.23144643461e-07
52771	3.23144643461e-07
53076	3.23144643461e-07
53106	3.23144643461e-07
53270	3.23144643461e-07
53332	3.23144643461e-07
53600	3.23144643461e-07
53683	3.23144643461e-07
53689	3.23144643461e-07
53694	3.23144643461e-07
53948	3.23144643461e-07
54028	3.23144643461e-07
54434	3.23144643461e-07
54695	3.23144643461e-07
54860	3.23144643461e-07
55093	3.23144643461e-07
55174	3.23144643461e-07
55303	3.23144643461e-07
55837	3.23144643461e-07
56618	3.23144643461e-07
56751	3.23144643461e-07
56764	3.23144643461e-07
56968	3.23144643461e-07
57773	3.23144643461e-07
57969	3.23144643461e-07
58510	3.23144643461e-07
60034	3.23144643461e-07
60357	3.23144643461e-07
60383	3.23144643461e-07
60994	3.23144643461e-07
61233	3.23144643461e-07
61897	3.23144643461e-07
62129	3.23144643461e-07
62245	3.23144643461e-07
62387	3.23144643461e-07
62539	3.23144643461e-07
62615	3.23144643461e-07
63308	3.23144643461e-07
63336	3.23144643461e-07
63356	3.23144643461e-07
63387	3.23144643461e-07
63465	3.23144643461e-07
63784	3.23144643461e-07
63799	3.23144643461e-07
64201	3.23144643461e-07
64290	3.23144643461e-07
64322	3.23144643461e-07
64352	3.23144643461e-07
64448	3.23144643461e-07
64618	3.23144643461e-07
64653	3.23144643461e-07
64710	3.23144643461e-07
64838	3.23144643461e-07
64857	3.23144643461e-07
64858	3.23144643461e-07
64863	3.23144643461e-07
64958	3.23144643461e-07
65064	3.23144643461e-07
65131	3.23144643461e-07
65152	3.23144643461e-07
65310	3.23144643461e-07
65339	3.23144643461e-07
65365	3.23144643461e-07
65550	3.23144643461e-07
65675	3.23144643461e-07
65782	3.23144643461e-07
65795	3.23144643461e-07
65823	3.23144643461e-07
65987	3.23144643461e-07
66114	3.23144643461e-07
66327	3.23144643461e-07
66501	3.23144643461e-07
66559	3.23144643461e-07
66596	3.23144643461e-07
66725	3.23144643461e-07
66856	3.23144643461e-07
66988	3.23144643461e-07
67089	3.23144643461e-07
67296	3.23144643461e-07
67360	3.23144643461e-07
67749	3.23144643461e-07
67919	3.23144643461e-07
68078	3.23144643461e-07
68094	3.23144643461e-07
68400	3.23144643461e-07
68880	3.23144643461e-07
69579	3.23144643461e-07
69682	3.23144643461e-07
69838	3.23144643461e-07
69955	3.23144643461e-07
69957	3.23144643461e-07
70241	3.23144643461e-07
70525	3.23144643461e-07
70714	3.23144643461e-07
70790	3.23144643461e-07
70804	3.23144643461e-07
70861	3.23144643461e-07
70969	3.23144643461e-07
70993	3.23144643461e-07
71007	3.23144643461e-07
71011	3.23144643461e-07
71288	3.23144643461e-07
71316	3.23144643461e-07
71351	3.23144643461e-07
71534	3.23144643461e-07
71732	3.23144643461e-07
71759	3.23144643461e-07
71819	3.23144643461e-07
71849	3.23144643461e-07
72001	3.23144643461e-07
72251	3.23144643461e-07
73116	3.23144643461e-07
73141	3.23144643461e-07
73248	3.23144643461e-07
73520	3.23144643461e-07
73620	3.23144643461e-07
73774	3.23144643461e-07
74020	3.23144643461e-07
74050	3.23144643461e-07
74356	3.23144643461e-07
74395	3.23144643461e-07
74411	3.23144643461e-07
74516	3.23144643461e-07
74724	3.23144643461e-07
74764	3.23144643461e-07
74826	3.23144643461e-07
74941	3.23144643461e-07
75017	3.23144643461e-07
75119	3.23144643461e-07
75511	3.23144643461e-07
75785	3.23144643461e-07
75801	3.23144643461e-07
76403	3.23144643461e-07
76774	3.23144643461e-07
76786	3.23144643461e-07
76901	3.23144643461e-07
77294	3.23144643461e-07
77390	3.23144643461e-07
77468	3.23144643461e-07
77597	3.23144643461e-07
77607	3.23144643461e-07
77696	3.23144643461e-07
77804	3.23144643461e-07
78097	3.23144643461e-07
78182	3.23144643461e-07
78195	3.23144643461e-07
78273	3.23144643461e-07
78301	3.23144643461e-07
78436	3.23144643461e-07
78539	3.23144643461e-07
78560	3.23144643461e-07
78941	3.23144643461e-07
79229	3.23144643461e-07
79240	3.23144643461e-07
79304	3.23144643461e-07
79689	3.23144643461e-07
79714	3.23144643461e-07
79837	3.23144643461e-07
79892	3.23144643461e-07
79895	3.23144643461e-07
79924	3.23144643461e-07
80067	3.23144643461e-07
80246	3.23144643461e-07
80536	3.23144643461e-07
80578	3.23144643461e-07
80633	3.23144643461e-07
80711	3.23144643461e-07
80764	3.23144643461e-07
80895	3.23144643461e-07
80964	3.23144643461e-07
81024	3.23144643461e-07
81123	3.23144643461e-07
81196	3.23144643461e-07
81624	3.23144643461e-07
81685	3.23144643461e-07
81813	3.23144643461e-07
81949	3.23144643461e-07
81975	3.23144643461e-07
82206	3.23144643461e-07
82245	3.23144643461e-07
82411	3.23144643461e-07
82582	3.23144643461e-07
82803	3.23144643461e-07
82849	3.23144643461e-07
83329	3.23144643461e-07
83839	3.23144643461e-07
83941	3.23144643461e-07
83964	3.23144643461e-07
83983	3.23144643461e-07
83985	3.23144643461e-07
84049	3.23144643461e-07
84175	3.23144643461e-07
84567	3.23144643461e-07
84774	3.23144643461e-07
84993	3.23144643461e-07
85062	3.23144643461e-07
85136	3.23144643461e-07
85170	3.23144643461e-07
85360	3.23144643461e-07
85361	3.23144643461e-07
85471	3.23144643461e-07
85830	3.23144643461e-07
86041	3.23144643461e-07
86127	3.23144643461e-07
86459	3.23144643461e-07
86584	3.23144643461e-07
86618	3.23144643461e-07
86630	3.23144643461e-07
86969	3.23144643461e-07
87021	3.23144643461e-07
87264	3.23144643461e-07
87893	3.23144643461e-07
88033	3.23144643461e-07
88240	3.23144643461e-07
88371	3.23144643461e-07
88393	3.23144643461e-07
88429	3.23144643461e-07
88976	3.23144643461e-07
89046	3.23144643461e-07
89432	3.23144643461e-07
89486	3.23144643461e-07
89548	3.23144643461e-07
89565	3.23144643461e-07
89752	3.23144643461e-07
89782	3.23144643461e-07
89868	3.23144643461e-07
90200	3.23144643461e-07
90553	3.23144643461e-07
90587	3.23144643461e-07
90874	3.23144643461e-07
90887	3.23144643461e-07
90942	3.23144643461e-07
91576	3.23144643461e-07
91722	3.23144643461e-07
91741	3.23144643461e-07
92907	3.23144643461e-07
93421	3.23144643461e-07
93780	3.23144643461e-07
93793	3.23144643461e-07
93830	3.23144643461e-07
93857	3.23144643461e-07
93863	3.23144643461e-07
93895	3.23144643461e-07
93940	3.23144643461e-07
93984	3.23144643461e-07
94011	3.23144643461e-07
94083	3.23144643461e-07
94094	3.23144643461e-07
94296	3.23144643461e-07
94310	3.23144643461e-07
94336	3.23144643461e-07
94348	3.23144643461e-07
94454	3.23144643461e-07
94457	3.23144643461e-07
94459	3.23144643461e-07
94491	3.23144643461e-07
94498	3.23144643461e-07
94526	3.23144643461e-07
94570	3.23144643461e-07
94617	3.23144643461e-07
94618	3.23144643461e-07
94619	3.23144643461e-07
94631	3.23144643461e-07
94792	3.23144643461e-07
95039	3.23144643461e-07
95051	3.23144643461e-07
95052	3.23144643461e-07
95097	3.23144643461e-07
95135	3.23144643461e-07
95151	3.23144643461e-07
95167	3.23144643461e-07
95179	3.23144643461e-07
95283	3.23144643461e-07
95301	3.23144643461e-07
95561	3.23144643461e-07
95630	3.23144643461e-07
95631	3.23144643461e-07
95730	3.23144643461e-07
95746	3.23144643461e-07
95798	3.23144643461e-07
95823	3.23144643461e-07
96140	3.23144643461e-07
96252	3.23144643461e-07
96284	3.23144643461e-07
96348	3.23144643461e-07
96350	3.23144643461e-07
96407	3.23144643461e-07
96444	3.23144643461e-07
96503	3.23144643461e-07
96513	3.23144643461e-07
96896	3.23144643461e-07
97023	3.23144643461e-07
97082	3.23144643461e-07
97118	3.23144643461e-07
97225	3.23144643461e-07
97230	3.23144643461e-07
97273	3.23144643461e-07
97280	3.23144643461e-07
97345	3.23144643461e-07
97483	3.23144643461e-07
97489	3.23144643461e-07
97535	3.23144643461e-07
97573	3.23144643461e-07
98163	3.23144643461e-07
98200	3.23144643461e-07
98569	3.23144643461e-07
98623	3.23144643461e-07
98639	3.23144643461e-07
98674	3.23144643461e-07
98703	3.23144643461e-07
98777	3.23144643461e-07
98885	3.23144643461e-07
98955	3.23144643461e-07
98965	3.23144643461e-07
99151	3.23144643461e-07
99259	3.23144643461e-07
99261	3.23144643461e-07
99340	3.23144643461e-07
99429	3.23144643461e-07
99569	3.23144643461e-07
99593	3.23144643461e-07
99624	3.23144643461e-07
99692	3.23144643461e-07
99839	3.23144643461e-07
99872	3.23144643461e-07
99895	3.23144643461e-07
99967	3.23144643461e-07
100090	3.23144643461e-07
100195	3.23144643461e-07
100210	3.23144643461e-07
100756	3.23144643461e-07
100888	3.23144643461e-07
100960	3.23144643461e-07
101010	3.23144643461e-07
101043	3.23144643461e-07
101105	3.23144643461e-07
101214	3.23144643461e-07
101291	3.23144643461e-07
101308	3.23144643461e-07
101444	3.23144643461e-07
101457	3.23144643461e-07
101480	3.23144643461e-07
101573	3.23144643461e-07
101609	3.23144643461e-07
101726	3.23144643461e-07
101800	3.23144643461e-07
101821	3.23144643461e-07
101953	3.23144643461e-07
102073	3.23144643461e-07
102325	3.23144643461e-07
102371	3.23144643461e-07
102423	3.23144643461e-07
102469	3.23144643461e-07
102503	3.23144643461e-07
102818	3.23144643461e-07
102871	3.23144643461e-07
102918	3.23144643461e-07
103025	3.23144643461e-07
103483	3.23144643461e-07
103648	3.23144643461e-07
103789	3.23144643461e-07
103931	3.23144643461e-07
103991	3.23144643461e-07
104115	3.23144643461e-07
104454	3.23144643461e-07
104469	3.23144643461e-07
104649	3.23144643461e-07
104807	3.23144643461e-07
104814	3.23144643461e-07
104879	3.23144643461e-07
105255	3.23144643461e-07
105462	3.23144643461e-07
105506	3.23144643461e-07
106029	3.23144643461e-07
106416	3.23144643461e-07
106594	3.23144643461e-07
107414	3.23144643461e-07
107534	3.23144643461e-07
107960	3.23144643461e-07
107986	3.23144643461e-07
108047	3.23144643461e-07
108087	3.23144643461e-07
108090	3.23144643461e-07
108115	3.23144643461e-07
108179	3.23144643461e-07
108189	3.23144643461e-07
108331	3.23144643461e-07
108421	3.23144643461e-07
108466	3.23144643461e-07
108579	3.23144643461e-07
108583	3.23144643461e-07
108608	3.23144643461e-07
108798	3.23144643461e-07
108878	3.23144643461e-07
108933	3.23144643461e-07
108971	3.23144643461e-07
109031	3.23144643461e-07
109034	3.23144643461e-07
109085	3.23144643461e-07
109124	3.23144643461e-07
109251	3.23144643461e-07
109267	3.23144643461e-07
109303	3.23144643461e-07
109307	3.23144643461e-07
109320	3.23144643461e-07
109331	3.23144643461e-07
109427	3.23144643461e-07
109509	3.23144643461e-07
109525	3.23144643461e-07
109530	3.23144643461e-07
109642	3.23144643461e-07
109680	3.23144643461e-07
109701	3.23144643461e-07
109738	3.23144643461e-07
109758	3.23144643461e-07
109823	3.23144643461e-07
109839	3.23144643461e-07
109965	3.23144643461e-07
109973	3.23144643461e-07
109987	3.23144643461e-07
110001	3.23144643461e-07
110007	3.23144643461e-07
110070	3.23144643461e-07
110104	3.23144643461e-07
110153	3.23144643461e-07
110202	3.23144643461e-07
110302	3.23144643461e-07
110331	3.23144643461e-07
110384	3.23144643461e-07
110488	3.23144643461e-07
110491	3.23144643461e-07
110601	3.23144643461e-07
110648	3.23144643461e-07
110655	3.23144643461e-07
110818	3.23144643461e-07
110821	3.23144643461e-07
110882	3.23144643461e-07
110909	3.23144643461e-07
110939	3.23144643461e-07
110958	3.23144643461e-07
110964	3.23144643461e-07
110978	3.23144643461e-07
111015	3.23144643461e-07
111025	3.23144643461e-07
111086	3.23144643461e-07
111223	3.23144643461e-07
111336	3.23144643461e-07
111431	3.23144643461e-07
111570	3.23144643461e-07
111578	3.23144643461e-07
111923	3.23144643461e-07
111977	3.23144643461e-07
112105	3.23144643461e-07
112248	3.23144643461e-07
112474	3.23144643461e-07
112571	3.23144643461e-07
112705	3.23144643461e-07
112779	3.23144643461e-07
112808	3.23144643461e-07
112848	3.23144643461e-07
113053	3.23144643461e-07
113092	3.23144643461e-07
113109	3.23144643461e-07
113131	3.23144643461e-07
113151	3.23144643461e-07
113192	3.23144643461e-07
113246	3.23144643461e-07
113323	3.23144643461e-07
113347	3.23144643461e-07
113372	3.23144643461e-07
113397	3.23144643461e-07
113552	3.23144643461e-07
113585	3.23144643461e-07
113660	3.23144643461e-07
113669	3.23144643461e-07
113672	3.23144643461e-07
113688	3.23144643461e-07
113817	3.23144643461e-07
113849	3.23144643461e-07
113851	3.23144643461e-07
113890	3.23144643461e-07
113925	3.23144643461e-07
113932	3.23144643461e-07
113964	3.23144643461e-07
113998	3.23144643461e-07
114000	3.23144643461e-07
114053	3.23144643461e-07
114089	3.23144643461e-07
114117	3.23144643461e-07
114135	3.23144643461e-07
114151	3.23144643461e-07
114213	3.23144643461e-07
114248	3.23144643461e-07
114272	3.23144643461e-07
114329	3.23144643461e-07
114342	3.23144643461e-07
114404	3.23144643461e-07
114441	3.23144643461e-07
114447	3.23144643461e-07
114448	3.23144643461e-07
114485	3.23144643461e-07
114491	3.23144643461e-07
114526	3.23144643461e-07
114542	3.23144643461e-07
114554	3.23144643461e-07
114556	3.23144643461e-07
114564	3.23144643461e-07
114622	3.23144643461e-07
114625	3.23144643461e-07
114694	3.23144643461e-07
114707	3.23144643461e-07
114729	3.23144643461e-07
114803	3.23144643461e-07
114957	3.23144643461e-07
114958	3.23144643461e-07
115092	3.23144643461e-07
115129	3.23144643461e-07
115149	3.23144643461e-07
115161	3.23144643461e-07
115268	3.23144643461e-07
115272	3.23144643461e-07
115431	3.23144643461e-07
115533	3.23144643461e-07
115552	3.23144643461e-07
115576	3.23144643461e-07
115610	3.23144643461e-07
115812	3.23144643461e-07
115815	3.23144643461e-07
115827	3.23144643461e-07
115893	3.23144643461e-07
116102	3.23144643461e-07
116107	3.23144643461e-07
116220	3.23144643461e-07
116253	3.23144643461e-07
116331	3.23144643461e-07
116345	3.23144643461e-07
116447	3.23144643461e-07
116457	3.23144643461e-07
116619	3.23144643461e-07
116696	3.23144643461e-07
116699	3.23144643461e-07
116727	3.23144643461e-07
116771	3.23144643461e-07
116850	3.23144643461e-07
116908	3.23144643461e-07
116915	3.23144643461e-07
116948	3.23144643461e-07
116966	3.23144643461e-07
116999	3.23144643461e-07
117080	3.23144643461e-07
117100	3.23144643461e-07
117116	3.23144643461e-07
117121	3.23144643461e-07
117162	3.23144643461e-07
117315	3.23144643461e-07
117318	3.23144643461e-07
117342	3.23144643461e-07
117355	3.23144643461e-07
117380	3.23144643461e-07
117531	3.23144643461e-07
117625	3.23144643461e-07
117653	3.23144643461e-07
117874	3.23144643461e-07
118160	3.23144643461e-07
118249	3.23144643461e-07
118330	3.23144643461e-07
118461	3.23144643461e-07
118482	3.23144643461e-07
118489	3.23144643461e-07
118632	3.23144643461e-07
118725	3.23144643461e-07
118793	3.23144643461e-07
118823	3.23144643461e-07
118868	3.23144643461e-07
118908	3.23144643461e-07
118980	3.23144643461e-07
118981	3.23144643461e-07
118983	3.23144643461e-07
119037	3.23144643461e-07
119052	3.23144643461e-07
119079	3.23144643461e-07
119161	3.23144643461e-07
119207	3.23144643461e-07
119261	3.23144643461e-07
119269	3.23144643461e-07
119305	3.23144643461e-07
119350	3.23144643461e-07
119358	3.23144643461e-07
119405	3.23144643461e-07
119503	3.23144643461e-07
119532	3.23144643461e-07
119567	3.23144643461e-07
119650	3.23144643461e-07
119668	3.23144643461e-07
119734	3.23144643461e-07
119746	3.23144643461e-07
119846	3.23144643461e-07
119863	3.23144643461e-07
119985	3.23144643461e-07
120028	3.23144643461e-07
120383	3.23144643461e-07
120548	3.23144643461e-07
120554	3.23144643461e-07
120593	3.23144643461e-07
120635	3.23144643461e-07
120834	3.23144643461e-07
120864	3.23144643461e-07
121161	3.23144643461e-07
121181	3.23144643461e-07
121259	3.23144643461e-07
121461	3.23144643461e-07
121498	3.23144643461e-07
121648	3.23144643461e-07
121674	3.23144643461e-07
121751	3.23144643461e-07
121957	3.23144643461e-07
121969	3.23144643461e-07
122067	3.23144643461e-07
122259	3.23144643461e-07
122406	3.23144643461e-07
122564	3.23144643461e-07
122657	3.23144643461e-07
122674	3.23144643461e-07
122712	3.23144643461e-07
122744	3.23144643461e-07
122778	3.23144643461e-07
123141	3.23144643461e-07
123372	3.23144643461e-07
123651	3.23144643461e-07
123683	3.23144643461e-07
123718	3.23144643461e-07
123746	3.23144643461e-07
123868	3.23144643461e-07
124015	3.23144643461e-07
124067	3.23144643461e-07
124613	3.23144643461e-07
124741	3.23144643461e-07
124776	3.23144643461e-07
124988	3.23144643461e-07
125015	3.23144643461e-07
125028	3.23144643461e-07
125165	3.23144643461e-07
125197	3.23144643461e-07
125260	3.23144643461e-07
125299	3.23144643461e-07
125319	3.23144643461e-07
125536	3.23144643461e-07
125597	3.23144643461e-07
125620	3.23144643461e-07
125627	3.23144643461e-07
125769	3.23144643461e-07
125811	3.23144643461e-07
125902	3.23144643461e-07
125920	3.23144643461e-07
125968	3.23144643461e-07
126019	3.23144643461e-07
126049	3.23144643461e-07
126290	3.23144643461e-07
126295	3.23144643461e-07
126349	3.23144643461e-07
126487	3.23144643461e-07
126643	3.23144643461e-07
126818	3.23144643461e-07
127431	3.23144643461e-07
127677	3.23144643461e-07
127691	3.23144643461e-07
127777	3.23144643461e-07
127797	3.23144643461e-07
127904	3.23144643461e-07
127935	3.23144643461e-07
127944	3.23144643461e-07
127958	3.23144643461e-07
128008	3.23144643461e-07
128017	3.23144643461e-07
128054	3.23144643461e-07
128075	3.23144643461e-07
128094	3.23144643461e-07
128120	3.23144643461e-07
128137	3.23144643461e-07
128142	3.23144643461e-07
128182	3.23144643461e-07
128191	3.23144643461e-07
128264	3.23144643461e-07
128402	3.23144643461e-07
128403	3.23144643461e-07
128424	3.23144643461e-07
128436	3.23144643461e-07
128464	3.23144643461e-07
128521	3.23144643461e-07
128523	3.23144643461e-07
128526	3.23144643461e-07
128582	3.23144643461e-07
128592	3.23144643461e-07
128605	3.23144643461e-07
128660	3.23144643461e-07
128707	3.23144643461e-07
128875	3.23144643461e-07
128955	3.23144643461e-07
128990	3.23144643461e-07
128994	3.23144643461e-07
129057	3.23144643461e-07
129446	3.23144643461e-07
129541	3.23144643461e-07
129575	3.23144643461e-07
129595	3.23144643461e-07
129605	3.23144643461e-07
129616	3.23144643461e-07
129627	3.23144643461e-07
129649	3.23144643461e-07
129726	3.23144643461e-07
129823	3.23144643461e-07
129885	3.23144643461e-07
129918	3.23144643461e-07
129925	3.23144643461e-07
129935	3.23144643461e-07
130059	3.23144643461e-07
130068	3.23144643461e-07
130140	3.23144643461e-07
130157	3.23144643461e-07
130182	3.23144643461e-07
130200	3.23144643461e-07
130227	3.23144643461e-07
130237	3.23144643461e-07
130247	3.23144643461e-07
130313	3.23144643461e-07
130329	3.23144643461e-07
130341	3.23144643461e-07
130358	3.23144643461e-07
130360	3.23144643461e-07
130381	3.23144643461e-07
130426	3.23144643461e-07
130461	3.23144643461e-07
130467	3.23144643461e-07
130509	3.23144643461e-07
130545	3.23144643461e-07
130552	3.23144643461e-07
130555	3.23144643461e-07
130662	3.23144643461e-07
130663	3.23144643461e-07
130672	3.23144643461e-07
130703	3.23144643461e-07
130708	3.23144643461e-07
130750	3.23144643461e-07
130800	3.23144643461e-07
130881	3.23144643461e-07
130920	3.23144643461e-07
130930	3.23144643461e-07
131022	3.23144643461e-07
131054	3.23144643461e-07
131141	3.23144643461e-07
131143	3.23144643461e-07
131439	3.23144643461e-07
131454	3.23144643461e-07
131463	3.23144643461e-07
131537	3.23144643461e-07
131634	3.23144643461e-07
131637	3.23144643461e-07
131640	3.23144643461e-07
131659	3.23144643461e-07
131674	3.23144643461e-07
131807	3.23144643461e-07
131813	3.23144643461e-07
131826	3.23144643461e-07
131936	3.23144643461e-07
131959	3.23144643461e-07
131980	3.23144643461e-07
131997	3.23144643461e-07
132016	3.23144643461e-07
132029	3.23144643461e-07
132123	3.23144643461e-07
132174	3.23144643461e-07
132210	3.23144643461e-07
132243	3.23144643461e-07
132268	3.23144643461e-07
132279	3.23144643461e-07
132296	3.23144643461e-07
132319	3.23144643461e-07
132323	3.23144643461e-07
132329	3.23144643461e-07
132336	3.23144643461e-07
132358	3.23144643461e-07
132373	3.23144643461e-07
132458	3.23144643461e-07
132468	3.23144643461e-07
132491	3.23144643461e-07
132533	3.23144643461e-07
132547	3.23144643461e-07
132604	3.23144643461e-07
132620	3.23144643461e-07
132670	3.23144643461e-07
132680	3.23144643461e-07
132688	3.23144643461e-07
132782	3.23144643461e-07
132898	3.23144643461e-07
132931	3.23144643461e-07
132943	3.23144643461e-07
133000	3.23144643461e-07
133118	3.23144643461e-07
133150	3.23144643461e-07
133182	3.23144643461e-07
133187	3.23144643461e-07
133497	3.23144643461e-07
133533	3.23144643461e-07
133556	3.23144643461e-07
133588	3.23144643461e-07
133690	3.23144643461e-07
133946	3.23144643461e-07
134034	3.23144643461e-07
134048	3.23144643461e-07
134231	3.23144643461e-07
134384	3.23144643461e-07
134421	3.23144643461e-07
134729	3.23144643461e-07
134806	3.23144643461e-07
135351	3.23144643461e-07
135384	3.23144643461e-07
135909	3.23144643461e-07
136288	3.23144643461e-07
136422	3.23144643461e-07
136740	3.23144643461e-07
136804	3.23144643461e-07
138194	3.23144643461e-07
138938	3.23144643461e-07
139067	3.23144643461e-07
139228	3.23144643461e-07
139287	3.23144643461e-07
139369	3.23144643461e-07
139545	3.23144643461e-07
139567	3.23144643461e-07
139839	3.23144643461e-07
140424	3.23144643461e-07
140543	3.23144643461e-07
140563	3.23144643461e-07
140581	3.23144643461e-07
140988	3.23144643461e-07
141117	3.23144643461e-07
141312	3.23144643461e-07
141556	3.23144643461e-07
141596	3.23144643461e-07
141704	3.23144643461e-07
141781	3.23144643461e-07
141903	3.23144643461e-07
142011	3.23144643461e-07
142081	3.23144643461e-07
142195	3.23144643461e-07
142234	3.23144643461e-07
142236	3.23144643461e-07
142285	3.23144643461e-07
142376	3.23144643461e-07
142446	3.23144643461e-07
142519	3.23144643461e-07
142560	3.23144643461e-07
142568	3.23144643461e-07
142672	3.23144643461e-07
142713	3.23144643461e-07
142778	3.23144643461e-07
142821	3.23144643461e-07
142862	3.23144643461e-07
142904	3.23144643461e-07
142981	3.23144643461e-07
142996	3.23144643461e-07
143233	3.23144643461e-07
143242	3.23144643461e-07
143343	3.23144643461e-07
143471	3.23144643461e-07
143730	3.23144643461e-07
143793	3.23144643461e-07
143823	3.23144643461e-07
143833	3.23144643461e-07
143854	3.23144643461e-07
143872	3.23144643461e-07
143876	3.23144643461e-07
143932	3.23144643461e-07
144056	3.23144643461e-07
144144	3.23144643461e-07
144255	3.23144643461e-07
144367	3.23144643461e-07
144400	3.23144643461e-07
144402	3.23144643461e-07
144497	3.23144643461e-07
144530	3.23144643461e-07
144579	3.23144643461e-07
144970	3.23144643461e-07
145136	3.23144643461e-07
145265	3.23144643461e-07
145373	3.23144643461e-07
145374	3.23144643461e-07
145566	3.23144643461e-07
145658	3.23144643461e-07
145666	3.23144643461e-07
146133	3.23144643461e-07
146185	3.23144643461e-07
146257	3.23144643461e-07
146288	3.23144643461e-07
146322	3.23144643461e-07
146342	3.23144643461e-07
146356	3.23144643461e-07
146387	3.23144643461e-07
146448	3.23144643461e-07
146462	3.23144643461e-07
146531	3.23144643461e-07
146570	3.23144643461e-07
146600	3.23144643461e-07
146626	3.23144643461e-07
146654	3.23144643461e-07
146666	3.23144643461e-07
146798	3.23144643461e-07
146822	3.23144643461e-07
146841	3.23144643461e-07
146857	3.23144643461e-07
146885	3.23144643461e-07
146916	3.23144643461e-07
147029	3.23144643461e-07
147204	3.23144643461e-07
147264	3.23144643461e-07
147286	3.23144643461e-07
147370	3.23144643461e-07
147437	3.23144643461e-07
147634	3.23144643461e-07
147661	3.23144643461e-07
147707	3.23144643461e-07
147779	3.23144643461e-07
147850	3.23144643461e-07
147859	3.23144643461e-07
147861	3.23144643461e-07
147874	3.23144643461e-07
147946	3.23144643461e-07
148053	3.23144643461e-07
148114	3.23144643461e-07
148159	3.23144643461e-07
148290	3.23144643461e-07
148300	3.23144643461e-07
148334	3.23144643461e-07
148354	3.23144643461e-07
148370	3.23144643461e-07
148385	3.23144643461e-07
148442	3.23144643461e-07
148462	3.23144643461e-07
148603	3.23144643461e-07
148683	3.23144643461e-07
148713	3.23144643461e-07
148788	3.23144643461e-07
148792	3.23144643461e-07
148872	3.23144643461e-07
148875	3.23144643461e-07
148904	3.23144643461e-07
148928	3.23144643461e-07
148948	3.23144643461e-07
148973	3.23144643461e-07
148978	3.23144643461e-07
148987	3.23144643461e-07
149058	3.23144643461e-07
149095	3.23144643461e-07
149201	3.23144643461e-07
149207	3.23144643461e-07
149294	3.23144643461e-07
149296	3.23144643461e-07
149324	3.23144643461e-07
149356	3.23144643461e-07
149376	3.23144643461e-07
149382	3.23144643461e-07
149421	3.23144643461e-07
149683	3.23144643461e-07
149781	3.23144643461e-07
149817	3.23144643461e-07
149844	3.23144643461e-07
150027	3.23144643461e-07
150145	3.23144643461e-07
150148	3.23144643461e-07
150268	3.23144643461e-07
150301	3.23144643461e-07
150322	3.23144643461e-07
150334	3.23144643461e-07
150453	3.23144643461e-07
150631	3.23144643461e-07
150665	3.23144643461e-07
150839	3.23144643461e-07
150850	3.23144643461e-07
150883	3.23144643461e-07
150962	3.23144643461e-07
151089	3.23144643461e-07
151138	3.23144643461e-07
151153	3.23144643461e-07
151193	3.23144643461e-07
151263	3.23144643461e-07
151401	3.23144643461e-07
151561	3.23144643461e-07
151659	3.23144643461e-07
151687	3.23144643461e-07
151769	3.23144643461e-07
151846	3.23144643461e-07
151910	3.23144643461e-07
152313	3.23144643461e-07
152324	3.23144643461e-07
152389	3.23144643461e-07
152434	3.23144643461e-07
152471	3.23144643461e-07
152575	3.23144643461e-07
152576	3.23144643461e-07
152649	3.23144643461e-07
152681	3.23144643461e-07
152709	3.23144643461e-07
152722	3.23144643461e-07
152731	3.23144643461e-07
152734	3.23144643461e-07
152746	3.23144643461e-07
152768	3.23144643461e-07
152992	3.23144643461e-07
153123	3.23144643461e-07
153127	3.23144643461e-07
153148	3.23144643461e-07
153175	3.23144643461e-07
153222	3.23144643461e-07
153240	3.23144643461e-07
153254	3.23144643461e-07
153261	3.23144643461e-07
153307	3.23144643461e-07
153342	3.23144643461e-07
153391	3.23144643461e-07
153520	3.23144643461e-07
153527	3.23144643461e-07
153536	3.23144643461e-07
153969	3.23144643461e-07
154133	3.23144643461e-07
154143	3.23144643461e-07
154456	3.23144643461e-07
154589	3.23144643461e-07
154606	3.23144643461e-07
154744	3.23144643461e-07
154762	3.23144643461e-07
154941	3.23144643461e-07
154974	3.23144643461e-07
155014	3.23144643461e-07
155520	3.23144643461e-07
155568	3.23144643461e-07
155881	3.23144643461e-07
156107	3.23144643461e-07
156326	3.23144643461e-07
156562	3.23144643461e-07
156998	3.23144643461e-07
157101	3.23144643461e-07
157129	3.23144643461e-07
157130	3.23144643461e-07
157148	3.23144643461e-07
157220	3.23144643461e-07
157282	3.23144643461e-07
157286	3.23144643461e-07
157329	3.23144643461e-07
157414	3.23144643461e-07
157498	3.23144643461e-07
157617	3.23144643461e-07
157742	3.23144643461e-07
157784	3.23144643461e-07
157834	3.23144643461e-07
157847	3.23144643461e-07
158018	3.23144643461e-07
158042	3.23144643461e-07
158056	3.23144643461e-07
158125	3.23144643461e-07
158275	3.23144643461e-07
158439	3.23144643461e-07
158569	3.23144643461e-07
158630	3.23144643461e-07
158634	3.23144643461e-07
158697	3.23144643461e-07
158708	3.23144643461e-07
158710	3.23144643461e-07
158767	3.23144643461e-07
158808	3.23144643461e-07
158929	3.23144643461e-07
158972	3.23144643461e-07
159047	3.23144643461e-07
159103	3.23144643461e-07
159317	3.23144643461e-07
159427	3.23144643461e-07
159538	3.23144643461e-07
159548	3.23144643461e-07
159572	3.23144643461e-07
159584	3.23144643461e-07
159718	3.23144643461e-07
159763	3.23144643461e-07
159806	3.23144643461e-07
160010	3.23144643461e-07
160080	3.23144643461e-07
160101	3.23144643461e-07
160237	3.23144643461e-07
160262	3.23144643461e-07
160328	3.23144643461e-07
160332	3.23144643461e-07
160403	3.23144643461e-07
160419	3.23144643461e-07
160426	3.23144643461e-07
160475	3.23144643461e-07
160494	3.23144643461e-07
160509	3.23144643461e-07
160588	3.23144643461e-07
160621	3.23144643461e-07
160642	3.23144643461e-07
160668	3.23144643461e-07
160678	3.23144643461e-07
160686	3.23144643461e-07
160710	3.23144643461e-07
160775	3.23144643461e-07
160783	3.23144643461e-07
160892	3.23144643461e-07
160975	3.23144643461e-07
161015	3.23144643461e-07
161028	3.23144643461e-07
161088	3.23144643461e-07
161124	3.23144643461e-07
161164	3.23144643461e-07
161318	3.23144643461e-07
161371	3.23144643461e-07
161390	3.23144643461e-07
161401	3.23144643461e-07
161416	3.23144643461e-07
161463	3.23144643461e-07
161476	3.23144643461e-07
161481	3.23144643461e-07
161494	3.23144643461e-07
161542	3.23144643461e-07
161549	3.23144643461e-07
161555	3.23144643461e-07
161556	3.23144643461e-07
161559	3.23144643461e-07
161561	3.23144643461e-07
161579	3.23144643461e-07
161597	3.23144643461e-07
161602	3.23144643461e-07
161615	3.23144643461e-07
161684	3.23144643461e-07
161687	3.23144643461e-07
161716	3.23144643461e-07
161723	3.23144643461e-07
161904	3.23144643461e-07
161927	3.23144643461e-07
161928	3.23144643461e-07
161931	3.23144643461e-07
161953	3.23144643461e-07
161996	3.23144643461e-07
162012	3.23144643461e-07
162048	3.23144643461e-07
162087	3.23144643461e-07
162151	3.23144643461e-07
162161	3.23144643461e-07
162171	3.23144643461e-07
162172	3.23144643461e-07
162282	3.23144643461e-07
162306	3.23144643461e-07
162344	3.23144643461e-07
162355	3.23144643461e-07
162467	3.23144643461e-07
162492	3.23144643461e-07
162494	3.23144643461e-07
162552	3.23144643461e-07
162582	3.23144643461e-07
162593	3.23144643461e-07
162614	3.23144643461e-07
162641	3.23144643461e-07
162652	3.23144643461e-07
162665	3.23144643461e-07
162694	3.23144643461e-07
162758	3.23144643461e-07
162878	3.23144643461e-07
162884	3.23144643461e-07
162887	3.23144643461e-07
162903	3.23144643461e-07
162919	3.23144643461e-07
162933	3.23144643461e-07
162934	3.23144643461e-07
162938	3.23144643461e-07
162978	3.23144643461e-07
163180	3.23144643461e-07
163202	3.23144643461e-07
163218	3.23144643461e-07
163550	3.23144643461e-07
163792	3.23144643461e-07
163868	3.23144643461e-07
163872	3.23144643461e-07
163902	3.23144643461e-07
163921	3.23144643461e-07
163933	3.23144643461e-07
163940	3.23144643461e-07
164203	3.23144643461e-07
164264	3.23144643461e-07
164310	3.23144643461e-07
164388	3.23144643461e-07
164399	3.23144643461e-07
164550	3.23144643461e-07
164579	3.23144643461e-07
164580	3.23144643461e-07
164631	3.23144643461e-07
164645	3.23144643461e-07
164659	3.23144643461e-07
164668	3.23144643461e-07
164691	3.23144643461e-07
164699	3.23144643461e-07
164712	3.23144643461e-07
164719	3.23144643461e-07
164741	3.23144643461e-07
164752	3.23144643461e-07
164764	3.23144643461e-07
164774	3.23144643461e-07
164794	3.23144643461e-07
164803	3.23144643461e-07
164826	3.23144643461e-07
164852	3.23144643461e-07
164880	3.23144643461e-07
164893	3.23144643461e-07
164994	3.23144643461e-07
165012	3.23144643461e-07
165013	3.23144643461e-07
165095	3.23144643461e-07
165234	3.23144643461e-07
165253	3.23144643461e-07
165277	3.23144643461e-07
165632	3.23144643461e-07
165669	3.23144643461e-07
165733	3.23144643461e-07
165789	3.23144643461e-07
165891	3.23144643461e-07
165912	3.23144643461e-07
165969	3.23144643461e-07
166270	3.23144643461e-07
166352	3.23144643461e-07
166355	3.23144643461e-07
166366	3.23144643461e-07
166386	3.23144643461e-07
166535	3.23144643461e-07
166790	3.23144643461e-07
166791	3.23144643461e-07
166833	3.23144643461e-07
166841	3.23144643461e-07
167122	3.23144643461e-07
167125	3.23144643461e-07
167212	3.23144643461e-07
167245	3.23144643461e-07
167364	3.23144643461e-07
167368	3.23144643461e-07
167468	3.23144643461e-07
167520	3.23144643461e-07
167612	3.23144643461e-07
168004	3.23144643461e-07
168080	3.23144643461e-07
168081	3.23144643461e-07
168200	3.23144643461e-07
168227	3.23144643461e-07
168305	3.23144643461e-07
168334	3.23144643461e-07
168345	3.23144643461e-07
168351	3.23144643461e-07
168358	3.23144643461e-07
168369	3.23144643461e-07
168434	3.23144643461e-07
168454	3.23144643461e-07
168486	3.23144643461e-07
168497	3.23144643461e-07
168525	3.23144643461e-07
168533	3.23144643461e-07
168551	3.23144643461e-07
168570	3.23144643461e-07
168582	3.23144643461e-07
168599	3.23144643461e-07
168638	3.23144643461e-07
168645	3.23144643461e-07
168649	3.23144643461e-07
168659	3.23144643461e-07
168687	3.23144643461e-07
168700	3.23144643461e-07
168733	3.23144643461e-07
168736	3.23144643461e-07
168738	3.23144643461e-07
168842	3.23144643461e-07
168863	3.23144643461e-07
168908	3.23144643461e-07
168913	3.23144643461e-07
168921	3.23144643461e-07
168980	3.23144643461e-07
168992	3.23144643461e-07
169009	3.23144643461e-07
169017	3.23144643461e-07
169025	3.23144643461e-07
169151	3.23144643461e-07
169414	3.23144643461e-07
169423	3.23144643461e-07
169497	3.23144643461e-07
169542	3.23144643461e-07
169586	3.23144643461e-07
169640	3.23144643461e-07
169654	3.23144643461e-07
169655	3.23144643461e-07
169763	3.23144643461e-07
169767	3.23144643461e-07
169790	3.23144643461e-07
169817	3.23144643461e-07
169975	3.23144643461e-07
170063	3.23144643461e-07
170102	3.23144643461e-07
170154	3.23144643461e-07
170171	3.23144643461e-07
170205	3.23144643461e-07
170233	3.23144643461e-07
170241	3.23144643461e-07
170254	3.23144643461e-07
170258	3.23144643461e-07
170274	3.23144643461e-07
170313	3.23144643461e-07
170335	3.23144643461e-07
170347	3.23144643461e-07
170356	3.23144643461e-07
170358	3.23144643461e-07
170377	3.23144643461e-07
170424	3.23144643461e-07
170450	3.23144643461e-07
170474	3.23144643461e-07
170504	3.23144643461e-07
170522	3.23144643461e-07
170528	3.23144643461e-07
170532	3.23144643461e-07
170543	3.23144643461e-07
170573	3.23144643461e-07
170589	3.23144643461e-07
170595	3.23144643461e-07
170597	3.23144643461e-07
170612	3.23144643461e-07
170633	3.23144643461e-07
170654	3.23144643461e-07
170670	3.23144643461e-07
170768	3.23144643461e-07
170847	3.23144643461e-07
171012	3.23144643461e-07
171088	3.23144643461e-07
171209	3.23144643461e-07
171352	3.23144643461e-07
171528	3.23144643461e-07
171622	3.23144643461e-07
171725	3.23144643461e-07
171748	3.23144643461e-07
171906	3.23144643461e-07
171927	3.23144643461e-07
172009	3.23144643461e-07
172013	3.23144643461e-07
172033	3.23144643461e-07
172042	3.23144643461e-07
172059	3.23144643461e-07
172099	3.23144643461e-07
172185	3.23144643461e-07
172190	3.23144643461e-07
172249	3.23144643461e-07
172270	3.23144643461e-07
172277	3.23144643461e-07
172332	3.23144643461e-07
172378	3.23144643461e-07
172432	3.23144643461e-07
172547	3.23144643461e-07
172581	3.23144643461e-07
172740	3.23144643461e-07
172813	3.23144643461e-07
172930	3.23144643461e-07
172978	3.23144643461e-07
173005	3.23144643461e-07
173028	3.23144643461e-07
173352	3.23144643461e-07
173450	3.23144643461e-07
173615	3.23144643461e-07
173634	3.23144643461e-07
173671	3.23144643461e-07
173695	3.23144643461e-07
173748	3.23144643461e-07
173800	3.23144643461e-07
173822	3.23144643461e-07
173841	3.23144643461e-07
173901	3.23144643461e-07
173902	3.23144643461e-07
173919	3.23144643461e-07
173952	3.23144643461e-07
173956	3.23144643461e-07
173974	3.23144643461e-07
173987	3.23144643461e-07
174035	3.23144643461e-07
174159	3.23144643461e-07
174176	3.23144643461e-07
174194	3.23144643461e-07
174252	3.23144643461e-07
174253	3.23144643461e-07
174311	3.23144643461e-07
174353	3.23144643461e-07
174362	3.23144643461e-07
174388	3.23144643461e-07
174394	3.23144643461e-07
174398	3.23144643461e-07
174627	3.23144643461e-07
174632	3.23144643461e-07
174748	3.23144643461e-07
174994	3.23144643461e-07
175097	3.23144643461e-07
175164	3.23144643461e-07
175257	3.23144643461e-07
175402	3.23144643461e-07
175439	3.23144643461e-07
175542	3.23144643461e-07
175556	3.23144643461e-07
175581	3.23144643461e-07
175594	3.23144643461e-07
175595	3.23144643461e-07
175829	3.23144643461e-07
175856	3.23144643461e-07
175879	3.23144643461e-07
175886	3.23144643461e-07
176186	3.23144643461e-07
176211	3.23144643461e-07
176318	3.23144643461e-07
176325	3.23144643461e-07
176327	3.23144643461e-07
176329	3.23144643461e-07
176338	3.23144643461e-07
176348	3.23144643461e-07
176360	3.23144643461e-07
176403	3.23144643461e-07
176421	3.23144643461e-07
176423	3.23144643461e-07
176425	3.23144643461e-07
176434	3.23144643461e-07
176647	3.23144643461e-07
176707	3.23144643461e-07
176867	3.23144643461e-07
176877	3.23144643461e-07
176948	3.23144643461e-07
177240	3.23144643461e-07
177324	3.23144643461e-07
177447	3.23144643461e-07
177498	3.23144643461e-07
177560	3.23144643461e-07
177561	3.23144643461e-07
177897	3.23144643461e-07
177927	3.23144643461e-07
177939	3.23144643461e-07
177950	3.23144643461e-07
177962	3.23144643461e-07
178085	3.23144643461e-07
178088	3.23144643461e-07
178403	3.23144643461e-07
178414	3.23144643461e-07
178487	3.23144643461e-07
178543	3.23144643461e-07
178551	3.23144643461e-07
178819	3.23144643461e-07
179288	3.23144643461e-07
179300	3.23144643461e-07
179386	3.23144643461e-07
179493	3.23144643461e-07
179495	3.23144643461e-07
179505	3.23144643461e-07
179559	3.23144643461e-07
179796	3.23144643461e-07
179797	3.23144643461e-07
180050	3.23144643461e-07
180140	3.23144643461e-07
180307	3.23144643461e-07
180438	3.23144643461e-07
180493	3.23144643461e-07
180504	3.23144643461e-07
180534	3.23144643461e-07
180539	3.23144643461e-07
180542	3.23144643461e-07
180574	3.23144643461e-07
180680	3.23144643461e-07
180828	3.23144643461e-07
181089	3.23144643461e-07
181163	3.23144643461e-07
181188	3.23144643461e-07
181238	3.23144643461e-07
181410	3.23144643461e-07
181744	3.23144643461e-07
181841	3.23144643461e-07
181890	3.23144643461e-07
181965	3.23144643461e-07
181983	3.23144643461e-07
182086	3.23144643461e-07
182104	3.23144643461e-07
182172	3.23144643461e-07
182192	3.23144643461e-07
182307	3.23144643461e-07
182351	3.23144643461e-07
182365	3.23144643461e-07
182405	3.23144643461e-07
182410	3.23144643461e-07
182544	3.23144643461e-07
182559	3.23144643461e-07
182610	3.23144643461e-07
182785	3.23144643461e-07
183070	3.23144643461e-07
183283	3.23144643461e-07
183528	3.23144643461e-07
183612	3.23144643461e-07
183632	3.23144643461e-07
183937	3.23144643461e-07
184161	3.23144643461e-07
184232	3.23144643461e-07
184311	3.23144643461e-07
184338	3.23144643461e-07
184418	3.23144643461e-07
184450	3.23144643461e-07
184476	3.23144643461e-07
184697	3.23144643461e-07
184747	3.23144643461e-07
184817	3.23144643461e-07
184845	3.23144643461e-07
184862	3.23144643461e-07
184863	3.23144643461e-07
184900	3.23144643461e-07
185214	3.23144643461e-07
185259	3.23144643461e-07
185277	3.23144643461e-07
185308	3.23144643461e-07
185329	3.23144643461e-07
185409	3.23144643461e-07
185428	3.23144643461e-07
185547	3.23144643461e-07
185553	3.23144643461e-07
185560	3.23144643461e-07
185588	3.23144643461e-07
185617	3.23144643461e-07
185637	3.23144643461e-07
185661	3.23144643461e-07
185693	3.23144643461e-07
185794	3.23144643461e-07
185797	3.23144643461e-07
185869	3.23144643461e-07
185903	3.23144643461e-07
186026	3.23144643461e-07
186070	3.23144643461e-07
186134	3.23144643461e-07
186145	3.23144643461e-07
186166	3.23144643461e-07
186185	3.23144643461e-07
186463	3.23144643461e-07
186882	3.23144643461e-07
187032	3.23144643461e-07
187049	3.23144643461e-07
187074	3.23144643461e-07
187093	3.23144643461e-07
187114	3.23144643461e-07
187130	3.23144643461e-07
187203	3.23144643461e-07
187325	3.23144643461e-07
187327	3.23144643461e-07
187332	3.23144643461e-07
187356	3.23144643461e-07
187375	3.23144643461e-07
187442	3.23144643461e-07
187599	3.23144643461e-07
187632	3.23144643461e-07
187649	3.23144643461e-07
187758	3.23144643461e-07
187761	3.23144643461e-07
187780	3.23144643461e-07
187795	3.23144643461e-07
187965	3.23144643461e-07
188053	3.23144643461e-07
188105	3.23144643461e-07
188113	3.23144643461e-07
188173	3.23144643461e-07
188174	3.23144643461e-07
188274	3.23144643461e-07
188320	3.23144643461e-07
188335	3.23144643461e-07
188385	3.23144643461e-07
188410	3.23144643461e-07
188429	3.23144643461e-07
188541	3.23144643461e-07
188557	3.23144643461e-07
188661	3.23144643461e-07
188778	3.23144643461e-07
188787	3.23144643461e-07
188851	3.23144643461e-07
188895	3.23144643461e-07
188965	3.23144643461e-07
188966	3.23144643461e-07
189011	3.23144643461e-07
189085	3.23144643461e-07
189121	3.23144643461e-07
189229	3.23144643461e-07
189469	3.23144643461e-07
189491	3.23144643461e-07
189555	3.23144643461e-07
189634	3.23144643461e-07
189741	3.23144643461e-07
189755	3.23144643461e-07
189944	3.23144643461e-07
190150	3.23144643461e-07
190188	3.23144643461e-07
190431	3.23144643461e-07
190734	3.23144643461e-07
190749	3.23144643461e-07
190762	3.23144643461e-07
190792	3.23144643461e-07
190811	3.23144643461e-07
190823	3.23144643461e-07
190827	3.23144643461e-07
190835	3.23144643461e-07
190936	3.23144643461e-07
190990	3.23144643461e-07
191076	3.23144643461e-07
191205	3.23144643461e-07
191350	3.23144643461e-07
191427	3.23144643461e-07
191433	3.23144643461e-07
191450	3.23144643461e-07
191523	3.23144643461e-07
191545	3.23144643461e-07
191551	3.23144643461e-07
191556	3.23144643461e-07
191565	3.23144643461e-07
191570	3.23144643461e-07
191668	3.23144643461e-07
191754	3.23144643461e-07
191875	3.23144643461e-07
191935	3.23144643461e-07
191949	3.23144643461e-07
191968	3.23144643461e-07
192012	3.23144643461e-07
192042	3.23144643461e-07
192129	3.23144643461e-07
192214	3.23144643461e-07
192264	3.23144643461e-07
192267	3.23144643461e-07
192311	3.23144643461e-07
192419	3.23144643461e-07
192469	3.23144643461e-07
192470	3.23144643461e-07
192521	3.23144643461e-07
192649	3.23144643461e-07
192652	3.23144643461e-07
192693	3.23144643461e-07
192750	3.23144643461e-07
192769	3.23144643461e-07
192784	3.23144643461e-07
192801	3.23144643461e-07
192806	3.23144643461e-07
192815	3.23144643461e-07
192831	3.23144643461e-07
192941	3.23144643461e-07
192944	3.23144643461e-07
192987	3.23144643461e-07
193019	3.23144643461e-07
193034	3.23144643461e-07
193060	3.23144643461e-07
193070	3.23144643461e-07
193096	3.23144643461e-07
193122	3.23144643461e-07
193140	3.23144643461e-07
193150	3.23144643461e-07
193158	3.23144643461e-07
193162	3.23144643461e-07
193186	3.23144643461e-07
193206	3.23144643461e-07
193207	3.23144643461e-07
193231	3.23144643461e-07
193257	3.23144643461e-07
193287	3.23144643461e-07
193312	3.23144643461e-07
193373	3.23144643461e-07
193462	3.23144643461e-07
193490	3.23144643461e-07
193506	3.23144643461e-07
193522	3.23144643461e-07
193574	3.23144643461e-07
193590	3.23144643461e-07
193610	3.23144643461e-07
193698	3.23144643461e-07
193714	3.23144643461e-07
193730	3.23144643461e-07
193831	3.23144643461e-07
193836	3.23144643461e-07
193846	3.23144643461e-07
193953	3.23144643461e-07
193988	3.23144643461e-07
193995	3.23144643461e-07
194014	3.23144643461e-07
194051	3.23144643461e-07
194123	3.23144643461e-07
194207	3.23144643461e-07
194258	3.23144643461e-07
194338	3.23144643461e-07
194362	3.23144643461e-07
194364	3.23144643461e-07
194424	3.23144643461e-07
194471	3.23144643461e-07
194472	3.23144643461e-07
194489	3.23144643461e-07
194491	3.23144643461e-07
194520	3.23144643461e-07
194589	3.23144643461e-07
194656	3.23144643461e-07
194671	3.23144643461e-07
194674	3.23144643461e-07
194685	3.23144643461e-07
194714	3.23144643461e-07
194718	3.23144643461e-07
194726	3.23144643461e-07
194743	3.23144643461e-07
194760	3.23144643461e-07
194771	3.23144643461e-07
194781	3.23144643461e-07
194792	3.23144643461e-07
194811	3.23144643461e-07
194820	3.23144643461e-07
194824	3.23144643461e-07
194829	3.23144643461e-07
194848	3.23144643461e-07
194862	3.23144643461e-07
194871	3.23144643461e-07
194873	3.23144643461e-07
194881	3.23144643461e-07
194887	3.23144643461e-07
194888	3.23144643461e-07
194902	3.23144643461e-07
194912	3.23144643461e-07
194930	3.23144643461e-07
194946	3.23144643461e-07
194966	3.23144643461e-07
194986	3.23144643461e-07
194998	3.23144643461e-07
195000	3.23144643461e-07
195002	3.23144643461e-07
195020	3.23144643461e-07
195051	3.23144643461e-07
195073	3.23144643461e-07
195085	3.23144643461e-07
195106	3.23144643461e-07
195115	3.23144643461e-07
195125	3.23144643461e-07
195135	3.23144643461e-07
195150	3.23144643461e-07
195190	3.23144643461e-07
195196	3.23144643461e-07
195213	3.23144643461e-07
195238	3.23144643461e-07
195239	3.23144643461e-07
195264	3.23144643461e-07
195306	3.23144643461e-07
195311	3.23144643461e-07
195315	3.23144643461e-07
195327	3.23144643461e-07
195358	3.23144643461e-07
195378	3.23144643461e-07
195391	3.23144643461e-07
195396	3.23144643461e-07
195424	3.23144643461e-07
195428	3.23144643461e-07
195433	3.23144643461e-07
195438	3.23144643461e-07
195442	3.23144643461e-07
195477	3.23144643461e-07
195488	3.23144643461e-07
195499	3.23144643461e-07
195510	3.23144643461e-07
195566	3.23144643461e-07
195569	3.23144643461e-07
195574	3.23144643461e-07
195594	3.23144643461e-07
195605	3.23144643461e-07
195655	3.23144643461e-07
195657	3.23144643461e-07
195669	3.23144643461e-07
195675	3.23144643461e-07
195682	3.23144643461e-07
195696	3.23144643461e-07
195706	3.23144643461e-07
195711	3.23144643461e-07
195739	3.23144643461e-07
195819	3.23144643461e-07
195966	3.23144643461e-07
195990	3.23144643461e-07
196005	3.23144643461e-07
196053	3.23144643461e-07
196059	3.23144643461e-07
196449	3.23144643461e-07
196481	3.23144643461e-07
196522	3.23144643461e-07
196602	3.23144643461e-07
196653	3.23144643461e-07
196681	3.23144643461e-07
196686	3.23144643461e-07
196706	3.23144643461e-07
196728	3.23144643461e-07
196732	3.23144643461e-07
196794	3.23144643461e-07
196812	3.23144643461e-07
196937	3.23144643461e-07
197120	3.23144643461e-07
197171	3.23144643461e-07
197264	3.23144643461e-07
197359	3.23144643461e-07
197387	3.23144643461e-07
197396	3.23144643461e-07
197725	3.23144643461e-07
197741	3.23144643461e-07
197744	3.23144643461e-07
197758	3.23144643461e-07
197998	3.23144643461e-07
198186	3.23144643461e-07
198188	3.23144643461e-07
198196	3.23144643461e-07
198499	3.23144643461e-07
198518	3.23144643461e-07
198674	3.23144643461e-07
198692	3.23144643461e-07
199162	3.23144643461e-07
199202	3.23144643461e-07
199249	3.23144643461e-07
199293	3.23144643461e-07
199339	3.23144643461e-07
199572	3.23144643461e-07
200291	3.23144643461e-07
200716	3.23144643461e-07
200881	3.23144643461e-07
200912	3.23144643461e-07
200936	3.23144643461e-07
200991	3.23144643461e-07
201095	3.23144643461e-07
201140	3.23144643461e-07
201306	3.23144643461e-07
201480	3.23144643461e-07
201524	3.23144643461e-07
201676	3.23144643461e-07
201943	3.23144643461e-07
202168	3.23144643461e-07
202185	3.23144643461e-07
202304	3.23144643461e-07
202367	3.23144643461e-07
202472	3.23144643461e-07
202712	3.23144643461e-07
202717	3.23144643461e-07
203053	3.23144643461e-07
203066	3.23144643461e-07
203072	3.23144643461e-07
203078	3.23144643461e-07
203091	3.23144643461e-07
203126	3.23144643461e-07
203330	3.23144643461e-07
203363	3.23144643461e-07
203468	3.23144643461e-07
203482	3.23144643461e-07
203555	3.23144643461e-07
203608	3.23144643461e-07
203640	3.23144643461e-07
203649	3.23144643461e-07
203715	3.23144643461e-07
203749	3.23144643461e-07
203779	3.23144643461e-07
203856	3.23144643461e-07
203884	3.23144643461e-07
203945	3.23144643461e-07
203960	3.23144643461e-07
204000	3.23144643461e-07
204019	3.23144643461e-07
204029	3.23144643461e-07
204051	3.23144643461e-07
204064	3.23144643461e-07
204078	3.23144643461e-07
204091	3.23144643461e-07
204103	3.23144643461e-07
204114	3.23144643461e-07
204128	3.23144643461e-07
204143	3.23144643461e-07
204148	3.23144643461e-07
204151	3.23144643461e-07
204202	3.23144643461e-07
204220	3.23144643461e-07
204234	3.23144643461e-07
204235	3.23144643461e-07
204250	3.23144643461e-07
204257	3.23144643461e-07
204271	3.23144643461e-07
204286	3.23144643461e-07
204313	3.23144643461e-07
204326	3.23144643461e-07
204351	3.23144643461e-07
204365	3.23144643461e-07
204395	3.23144643461e-07
204412	3.23144643461e-07
204424	3.23144643461e-07
204457	3.23144643461e-07
204489	3.23144643461e-07
204524	3.23144643461e-07
204551	3.23144643461e-07
204575	3.23144643461e-07
204605	3.23144643461e-07
204778	3.23144643461e-07
204779	3.23144643461e-07
204797	3.23144643461e-07
204805	3.23144643461e-07
204842	3.23144643461e-07
204850	3.23144643461e-07
204890	3.23144643461e-07
204896	3.23144643461e-07
204905	3.23144643461e-07
204922	3.23144643461e-07
204937	3.23144643461e-07
204973	3.23144643461e-07
204987	3.23144643461e-07
205083	3.23144643461e-07
205126	3.23144643461e-07
205210	3.23144643461e-07
205275	3.23144643461e-07
205310	3.23144643461e-07
205378	3.23144643461e-07
205498	3.23144643461e-07
205508	3.23144643461e-07
205546	3.23144643461e-07
205608	3.23144643461e-07
205628	3.23144643461e-07
205633	3.23144643461e-07
205660	3.23144643461e-07
205760	3.23144643461e-07
205859	3.23144643461e-07
205926	3.23144643461e-07
205976	3.23144643461e-07
206046	3.23144643461e-07
206131	3.23144643461e-07
206324	3.23144643461e-07
206343	3.23144643461e-07
206359	3.23144643461e-07
206374	3.23144643461e-07
206413	3.23144643461e-07
206441	3.23144643461e-07
206452	3.23144643461e-07
206472	3.23144643461e-07
206486	3.23144643461e-07
206510	3.23144643461e-07
206520	3.23144643461e-07
206530	3.23144643461e-07
206540	3.23144643461e-07
206543	3.23144643461e-07
206561	3.23144643461e-07
206577	3.23144643461e-07
206580	3.23144643461e-07
206589	3.23144643461e-07
206594	3.23144643461e-07
206596	3.23144643461e-07
206604	3.23144643461e-07
206615	3.23144643461e-07
206628	3.23144643461e-07
206642	3.23144643461e-07
206645	3.23144643461e-07
206659	3.23144643461e-07
206667	3.23144643461e-07
206668	3.23144643461e-07
206707	3.23144643461e-07
206726	3.23144643461e-07
206730	3.23144643461e-07
206769	3.23144643461e-07
206803	3.23144643461e-07
206823	3.23144643461e-07
206825	3.23144643461e-07
206838	3.23144643461e-07
206865	3.23144643461e-07
206887	3.23144643461e-07
207055	3.23144643461e-07
207060	3.23144643461e-07
207071	3.23144643461e-07
207156	3.23144643461e-07
207203	3.23144643461e-07
207246	3.23144643461e-07
207267	3.23144643461e-07
207297	3.23144643461e-07
207382	3.23144643461e-07
207454	3.23144643461e-07
207518	3.23144643461e-07
207698	3.23144643461e-07
207710	3.23144643461e-07
207780	3.23144643461e-07
207807	3.23144643461e-07
207893	3.23144643461e-07
207902	3.23144643461e-07
207995	3.23144643461e-07
207999	3.23144643461e-07
208063	3.23144643461e-07
208086	3.23144643461e-07
208322	3.23144643461e-07
208352	3.23144643461e-07
208392	3.23144643461e-07
208552	3.23144643461e-07
208617	3.23144643461e-07
208678	3.23144643461e-07
208855	3.23144643461e-07
208905	3.23144643461e-07
209218	3.23144643461e-07
209433	3.23144643461e-07
209446	3.23144643461e-07
209505	3.23144643461e-07
209849	3.23144643461e-07
209952	3.23144643461e-07
210270	3.23144643461e-07
210301	3.23144643461e-07
210319	3.23144643461e-07
210664	3.23144643461e-07
210766	3.23144643461e-07
211184	3.23144643461e-07
211886	3.23144643461e-07
211922	3.23144643461e-07
212078	3.23144643461e-07
212158	3.23144643461e-07
212292	3.23144643461e-07
212813	3.23144643461e-07
213028	3.23144643461e-07
213827	3.23144643461e-07
214486	3.23144643461e-07
214500	3.23144643461e-07
214807	3.23144643461e-07
214810	3.23144643461e-07
215049	3.23144643461e-07
215946	3.23144643461e-07
218361	3.23144643461e-07
218813	3.23144643461e-07
220082	3.23144643461e-07
220102	3.23144643461e-07
220103	3.23144643461e-07
220961	3.23144643461e-07
221909	3.23144643461e-07
222095	3.23144643461e-07
222253	3.23144643461e-07
222266	3.23144643461e-07
222395	3.23144643461e-07
222739	3.23144643461e-07
223010	3.23144643461e-07
223147	3.23144643461e-07
223175	3.23144643461e-07
223467	3.23144643461e-07
223482	3.23144643461e-07
223783	3.23144643461e-07
224299	3.23144643461e-07
224517	3.23144643461e-07
224596	3.23144643461e-07
224738	3.23144643461e-07
224768	3.23144643461e-07
225007	3.23144643461e-07
225190	3.23144643461e-07
225470	3.23144643461e-07
225530	3.23144643461e-07
225639	3.23144643461e-07
226183	3.23144643461e-07
226286	3.23144643461e-07
226470	3.23144643461e-07
226583	3.23144643461e-07
226621	3.23144643461e-07
226674	3.23144643461e-07
226739	3.23144643461e-07
226885	3.23144643461e-07
226916	3.23144643461e-07
226938	3.23144643461e-07
227098	3.23144643461e-07
227519	3.23144643461e-07
227695	3.23144643461e-07
227830	3.23144643461e-07
227967	3.23144643461e-07
228635	3.23144643461e-07
229377	3.23144643461e-07
229379	3.23144643461e-07
229519	3.23144643461e-07
230132	3.23144643461e-07
230537	3.23144643461e-07
230829	3.23144643461e-07
230875	3.23144643461e-07
231094	3.23144643461e-07
231241	3.23144643461e-07
232139	3.23144643461e-07
232986	3.23144643461e-07
233291	3.23144643461e-07
234331	3.23144643461e-07
235641	3.23144643461e-07
236047	3.23144643461e-07
236533	3.23144643461e-07
236751	3.23144643461e-07
236766	3.23144643461e-07
236889	3.23144643461e-07
236894	3.23144643461e-07
237003	3.23144643461e-07
237052	3.23144643461e-07
237194	3.23144643461e-07
237353	3.23144643461e-07
237376	3.23144643461e-07
237377	3.23144643461e-07
237508	3.23144643461e-07
237832	3.23144643461e-07
237837	3.23144643461e-07
237879	3.23144643461e-07
237965	3.23144643461e-07
238060	3.23144643461e-07
238067	3.23144643461e-07
238078	3.23144643461e-07
238200	3.23144643461e-07
238433	3.23144643461e-07
238663	3.23144643461e-07
238962	3.23144643461e-07
239034	3.23144643461e-07
239162	3.23144643461e-07
239198	3.23144643461e-07
239297	3.23144643461e-07
239718	3.23144643461e-07
239875	3.23144643461e-07
239917	3.23144643461e-07
239990	3.23144643461e-07
240303	3.23144643461e-07
241053	3.23144643461e-07
241410	3.23144643461e-07
241533	3.23144643461e-07
241648	3.23144643461e-07
241995	3.23144643461e-07
242097	3.23144643461e-07
242298	3.23144643461e-07
243086	3.23144643461e-07
243175	3.23144643461e-07
243343	3.23144643461e-07
243350	3.23144643461e-07
243739	3.23144643461e-07
244181	3.23144643461e-07
244193	3.23144643461e-07
244245	3.23144643461e-07
244294	3.23144643461e-07
244433	3.23144643461e-07
244729	3.23144643461e-07
244869	3.23144643461e-07
246034	3.23144643461e-07
246128	3.23144643461e-07
246693	3.23144643461e-07
246822	3.23144643461e-07
246963	3.23144643461e-07
247358	3.23144643461e-07
247461	3.23144643461e-07
247482	3.23144643461e-07
247757	3.23144643461e-07
248067	3.23144643461e-07
248531	3.23144643461e-07
248794	3.23144643461e-07
249219	3.23144643461e-07
249334	3.23144643461e-07
249389	3.23144643461e-07
249964	3.23144643461e-07
250028	3.23144643461e-07
250043	3.23144643461e-07
250330	3.23144643461e-07
250843	3.23144643461e-07
252401	3.23144643461e-07
252900	3.23144643461e-07
253777	3.23144643461e-07
254439	3.23144643461e-07
254795	3.23144643461e-07
255301	3.23144643461e-07
255942	3.23144643461e-07
256061	3.23144643461e-07
256119	3.23144643461e-07
256816	3.23144643461e-07
256953	3.23144643461e-07
257045	3.23144643461e-07
257094	3.23144643461e-07
257200	3.23144643461e-07
257376	3.23144643461e-07
257515	3.23144643461e-07
257621	3.23144643461e-07
257676	3.23144643461e-07
257803	3.23144643461e-07
257952	3.23144643461e-07
258277	3.23144643461e-07
258494	3.23144643461e-07
258561	3.23144643461e-07
259225	3.23144643461e-07
259250	3.23144643461e-07
259766	3.23144643461e-07
259906	3.23144643461e-07
790	3.23144643461e-07
1542	3.23144643461e-07
1646	3.23144643461e-07
1880	3.23144643461e-07
2293	3.23144643461e-07
2568	3.23144643461e-07
2894	3.23144643461e-07
3330	3.23144643461e-07
3503	3.23144643461e-07
3600	3.23144643461e-07
3975	3.23144643461e-07
4250	3.23144643461e-07
4519	3.23144643461e-07
5391	3.23144643461e-07
6067	3.23144643461e-07
7146	3.23144643461e-07
8365	3.23144643461e-07
8883	3.23144643461e-07
9541	3.23144643461e-07
11685	3.23144643461e-07
11748	3.23144643461e-07
12138	3.23144643461e-07
12711	3.23144643461e-07
13459	3.23144643461e-07
13721	3.23144643461e-07
13792	3.23144643461e-07
14121	3.23144643461e-07
14158	3.23144643461e-07
14352	3.23144643461e-07
14370	3.23144643461e-07
14725	3.23144643461e-07
14893	3.23144643461e-07
15445	3.23144643461e-07
16062	3.23144643461e-07
16390	3.23144643461e-07
16394	3.23144643461e-07
16434	3.23144643461e-07
17178	3.23144643461e-07
17400	3.23144643461e-07
17854	3.23144643461e-07
18566	3.23144643461e-07
18638	3.23144643461e-07
18639	3.23144643461e-07
19156	3.23144643461e-07
19183	3.23144643461e-07
19189	3.23144643461e-07
20148	3.23144643461e-07
20452	3.23144643461e-07
21972	3.23144643461e-07
22173	3.23144643461e-07
22804	3.23144643461e-07
22866	3.23144643461e-07
22874	3.23144643461e-07
22907	3.23144643461e-07
22989	3.23144643461e-07
23207	3.23144643461e-07
23873	3.23144643461e-07
23932	3.23144643461e-07
24599	3.23144643461e-07
24874	3.23144643461e-07
25624	3.23144643461e-07
26823	3.23144643461e-07
27379	3.23144643461e-07
27388	3.23144643461e-07
27396	3.23144643461e-07
28721	3.23144643461e-07
30519	3.23144643461e-07
30837	3.23144643461e-07
31197	3.23144643461e-07
31327	3.23144643461e-07
32119	3.23144643461e-07
32877	3.23144643461e-07
33526	3.23144643461e-07
33632	3.23144643461e-07
33975	3.23144643461e-07
34087	3.23144643461e-07
34711	3.23144643461e-07
34771	3.23144643461e-07
35503	3.23144643461e-07
35814	3.23144643461e-07
35889	3.23144643461e-07
36810	3.23144643461e-07
37687	3.23144643461e-07
38278	3.23144643461e-07
39366	3.23144643461e-07
39964	3.23144643461e-07
40112	3.23144643461e-07
40114	3.23144643461e-07
40166	3.23144643461e-07
40457	3.23144643461e-07
40861	3.23144643461e-07
41378	3.23144643461e-07
42170	3.23144643461e-07
42573	3.23144643461e-07
43913	3.23144643461e-07
43992	3.23144643461e-07
43995	3.23144643461e-07
44108	3.23144643461e-07
44374	3.23144643461e-07
44774	3.23144643461e-07
45037	3.23144643461e-07
45060	3.23144643461e-07
45380	3.23144643461e-07
45481	3.23144643461e-07
45939	3.23144643461e-07
46290	3.23144643461e-07
46307	3.23144643461e-07
47081	3.23144643461e-07
47265	3.23144643461e-07
47367	3.23144643461e-07
47436	3.23144643461e-07
47763	3.23144643461e-07
47822	3.23144643461e-07
47836	3.23144643461e-07
48515	3.23144643461e-07
48682	3.23144643461e-07
49570	3.23144643461e-07
49583	3.23144643461e-07
50410	3.23144643461e-07
790	3.23144643461e-07
790	3.23144643461e-07
790	3.23144643461e-07
790	3.23144643461e-07
790	3.23144643461e-07
790	3.23144643461e-07
790	3.23144643461e-07
790	3.23144643461e-07
790	3.23144643461e-07
790	3.23144643461e-07
790	3.23144643461e-07
790	3.23144643461e-07
790	3.23144643461e-07
790	3.23144643461e-07
790	3.23144643461e-07
790	61.2599307981
790	61.2599307981
790	61.2599307981
790	61.2599307981
790	61.2599307981
790	61.2599307981
790	61.2599307981
1542	16.5293344778
1646	69.9851826811
1880	46.0526511978
2293	32.446487705
2568	56.8889301837
2894	57.1358406229
3330	56.6801179666
3503	56.4849217559
3600	28.003677184
3975	6.4128336436
4250	49.6335975274
4519	69.2251487355
5391	33.2624981088
6067	50.3351239094
7146	24.5849659479
8365	9.38102307696
8883	54.1943388643
9541	8.82661551845
11685	73.2286144156
11748	71.2941309943
12138	9.98473538552
12711	73.5322338563
13459	14.190071271
13721	66.0798806857
13792	45.3881353844
14121	48.4234471128
14158	55.7481345732
14352	18.9930031725
14370	46.4829484097
14725	75.4607133582
14893	65.9811650747
15445	48.8026213959
16062	24.2717882268
16390	58.8269518665
16394	18.7709655392
16434	59.003683041
17178	54.8333116527
17400	27.9229615076
17854	49.2440119649
18566	74.2695547139
18638	70.8503960308
18639	44.2755478709
19156	15.8712554455
19183	65.8331015208
19189	37.959731971
20148	74.5292703065
20452	79.4360303541
21972	29.7575328532
22173	38.7811116721
22804	63.827950232
22866	18.3245127113
22874	64.3046324969
22907	59.1511253935
22989	25.8954545331
23207	55.6635507968
23873	31.4757682795
23932	69.4561021255
24599	56.0583857371
24874	62.3058908694
25624	60.5885068133
26823	53.3208610196
27379	74.4454282947
27388	71.9193832755
27396	46.8706416915
28721	77.45811339
30519	39.7988406159
30837	53.4212655351
31197	37.9800818905
31327	81.8008523861
32119	55.169333206
32877	77.492434127
33526	46.1183902468
33632	31.9312607546
33975	62.3858651809
34087	49.3008023343
34711	19.0424116097
34771	21.7397553679
35503	39.0174174815
35814	14.6655596961
35889	23.6779276217
36810	44.4195139433
37687	29.3352850634
38278	45.5806792225
39366	28.7780144526
39964	49.8799522953
40112	36.4535480869
40114	37.4717358969
40166	13.5245081551
40457	18.5993830881
40861	26.9108735131
41378	54.8503083973
42170	16.2020036649
42573	36.5826121549
43913	36.3280220071
43992	49.0478659051
43995	42.1019173321
44108	21.529604477
44374	36.5094490597
44774	54.323464402
45037	61.3458991768
45060	67.4962122158
45380	51.2207650516
45481	45.5965440799
45939	65.2975702386
46290	65.5895363858
46307	33.8357595376
47081	51.9231035287
47265	16.4394828453
47367	51.5989286512
47436	33.1929567905
47763	23.6890436683
47822	14.9439155044
47836	17.370948088
48515	60.9511900487
48682	63.1976424357
49570	62.9606533238
49583	62.0843697663
50410	37.1207636889
50450	70.0307857434
50473	50.2706952905
50497	60.8775273124
50596	60.8079978061
50608	64.9824480435
51522	40.7423843258
51691	54.3392292761
52010	39.380341074
52246	56.4933774802
52296	38.4868866186
52550	42.6508713879
52769	39.925240642
52771	51.9771924781
53076	63.7323903212
53106	61.1353859465
53270	19.0708221755
53332	71.057674699
53600	61.8112572652
53683	23.9875146418
53689	59.7501693683
53694	57.9247578517
53948	70.0017370192
54028	45.0898848276
54434	64.2366285596
54695	38.2607592964
54860	43.0192338583
55093	47.4157615835
55174	41.0904871853
55303	45.7507991141
55837	54.5697877197
56618	60.887201738
56751	69.0804950662
56764	65.8417697365
56968	72.2683909122
57773	67.6412721872
57969	46.5720740287
58510	8.82609705197
60034	34.5880281214
60357	46.3982210251
60383	41.1340259249
60994	66.2578583531
61233	62.7433516793
61897	22.8833935137
62129	52.4322835433
62245	52.6512254985
62387	41.73656381
62539	38.8218038133
62615	40.8652945101
63308	51.7012581776
63336	53.8019204188
63356	64.215271524
63387	33.1549301678
63465	18.9708707368
63784	49.2401212938
63799	39.2977390791
64201	32.4227874402
64290	43.7606025446
64322	44.8672176886
64352	56.7993973197
64448	49.8151435582
64618	37.3316053815
64653	83.9338431225
64710	30.5602424871
64838	69.8660698739
64857	23.7895882378
64858	65.1971856696
64863	27.0522689622
64958	10.9086472497
65064	21.7205007696
65131	42.637821973
65152	64.1206450132
65310	54.2659211154
65339	9.11832953505
65365	32.3554040847
65550	38.490885456
65675	18.4884368445
65782	13.6288884281
65795	64.0034088749
65823	12.2051613782
65987	59.6941997502
66114	55.6470200869
66327	38.243244237
66501	52.0496527466
66559	18.8091780901
66596	16.192232803
66725	16.6114179891
66856	10.2891832245
66988	48.6331639295
67089	16.9026826047
67296	61.8058952668
67360	12.7503874446
67749	54.6928429174
67919	26.3781311093
68078	18.5753928478
68094	23.3568114085
68400	12.6424445127
68880	12.2657901534
69579	27.0177990855
69682	20.8847635919
69838	20.9448475577
69955	18.8415568362
1	3.23144643461e-07
1	3.23144643461e-07
9	81.5918768052
10	96.011637172
11	94.0672451759
1	3.23144643461e-07
1	3.23144643461e-07
1	3.23144643461e-07
1	3.23144643461e-07
1	3.23144643461e-07
1	3.23144643461e-07
1	3.23144643461e-07
1	3.23144643461e-07
1	3.23144643461e-07
790	61.2599307981
1542	16.5293344778
1646	69.9851826811
1880	46.0526511978
2293	32.446487705
2568	56.8889301837
2894	57.1358406229
3330	56.6801179666
3503	56.4849217559
3600	28.003677184
3975	6.4128336436
4250	49.6335975274
4519	69.2251487355
5391	33.2624981088
6067	50.3351239094
7146	24.5849659479
3975	6.4128336436
3975	6.4128336436
3975	6.4128336436
3975	6.4128336436
3975	6.4128336436
3975	6.4128336436
3975	6.4128336436
3975	6.4128336436
3975	6.4128336436
3975	6.4128336436
3975	6.4128336436
3975	6.4128336436
3975	6.4128336436
3975	6.4128336436
3975	6.4128336436
120676	69.0166329656
121161	18.7161366907
128255	77.6012395233
148462	16.8952377625
167734	70.2452925698
167761	71.329149063
169017	15.3115195837
181188	18.7013103468
182544	14.7084439792
182993	71.5255657739
203126	15.982339553
204266	76.7946567879
120676	68.6806058017
121161	18.6549509239
128255	77.3717091417
148462	16.9590591162
167734	69.4649770715
167761	70.6927416275
169017	20.4244030568
181188	18.4455782881
182544	20.1323802827
182993	71.351538882
203126	16.6010879575
204266	76.7911658652
122	78.7647876881
145	73.3044997639
156	74.5247997895
7146	25.9223017496
31192	41.4853970485
31197	36.8357341781
33975	61.5702757357
40112	36.2374365362
40114	37.7345070685
51522	38.2817301085
65152	64.071312013
76153	71.091901779
85471	13.1878494265
86043	71.0081601349
94173	88.1008174302
94498	23.3510165079
94807	71.5957571403
95380	74.5952450891
95391	78.1969584438
95428	71.5624950812
95798	23.4218503882
96407	24.8583740634
101291	22.7552897589
102534	79.6120675674
102918	68.9862170413
103266	81.0555737112
104232	90.7198944572
108466	77.4563520725
108495	78.3753927564
108512	72.7262596585
108747	72.1601436845
109034	23.8913366327
109987	25.1158393747
110202	24.084921735
110491	25.9746956415
110939	24.1741202711
111305	82.0121000053
113092	67.2899047253
113388	72.451270461
114404	18.618113918
114441	23.6022863511
114729	21.8614106609
115272	17.191041732
115552	17.8939654827
117080	77.6666037737
117095	90.4090678578
119161	17.3865964922
119207	18.035036681
119350	19.8947584492
120383	18.5024216262
120799	79.1370356206
120945	79.4785408437
121181	17.0905596093
124371	73.8620934459
124613	20.1756602581
125165	13.9134281982
125260	68.4678141394
125551	75.3508162214
125596	77.5320199638
125620	13.0337608201
125968	21.00312496
126180	74.4162782752
126487	66.5073250289
126667	74.9279558282
127265	76.1513485513
127272	78.8178859168
128255	77.3717091417
128664	71.6106674346
128981	71.3815833084
130059	26.7098504267
130068	25.653649002
130509	19.8700597438
130800	18.3674798119
131143	22.3451252621
139305	91.696034189
139881	87.652069575
142081	24.5767485279
142560	24.7698719894
143242	19.5778120702
143596	88.5483635289
143633	76.0201067269
143658	79.0495837932
143668	77.1990250956
143700	80.2511438167
143710	77.2145659749
143793	13.7672039222
144514	71.4129406544
145362	94.4376897155
145429	40.8730960714
145600	89.4743715141
145631	89.0627850566
145658	85.0764204297
145666	87.1224124716
145678	88.5960936785
146462	17.0586195017
146531	17.3351004136
146600	18.2983310139
146626	18.1297672463
146841	13.6663554765
146916	18.9309074458
147109	80.7647284068
147186	73.3906958099
147226	69.6432148618
147268	68.5556943724
147287	75.2299810539
148053	65.725816086
148090	75.2435340775
148131	75.5789736883
148462	16.9590591162
148589	78.7769237996
148978	57.460387515
150453	23.5979255426
150962	23.8583175687
151138	17.0195275955
152304	69.7513309935
152324	69.3575943509
152336	73.1167037211
152352	71.3759693936
153355	70.5065479719
155143	57.3856818156
158630	18.9627786416
159427	19.4000924332
160083	71.6481476586
160112	62.9676807544
161028	57.9916655884
161124	23.7204724246
161318	60.8864581595
161556	26.0377036859
162172	20.7797033976
163100	56.7804707915
163108	63.8849103514
163121	63.8088161231
166929	70.0743464205
166969	75.9943330953
167027	79.6410097344
167175	76.0532098215
167627	90.8846712983
167734	69.4649770715
167761	70.6927416275
167851	74.0402757853
168289	68.0898708325
168291	62.8874283471
168533	19.8489923539
168551	22.0504569152
168570	21.5881348246
168582	21.7570661583
168599	22.1214921128
168638	23.3488732678
168980	23.2375361571
169763	57.44947864
172891	75.3217157868
173028	70.1849593022
173083	69.9966778641
173748	22.6118676482
173841	38.1017419047
173987	75.9154099614
174035	39.488717669
174194	36.4736696072
174252	36.4835627469
174394	19.860526481
174696	90.0517231642
174697	77.8374725996
175107	68.2553015569
176211	70.583312647
176222	70.5470963725
176423	12.8627124186
176877	19.568191273
177927	26.4243478174
177939	34.9817426092
177950	35.3509792907
178088	22.5790212495
178367	55.0675996763
181238	13.4309144201
181841	13.3933662174
183368	72.5872681879
188609	86.5729379696
191570	36.9741940156
191754	27.6791918499
191949	35.3967382781
192685	70.0229598766
192734	73.6899345257
193275	66.4912270745
193389	78.840207889
194292	72.4291939757
194862	16.8027509869
194871	16.193856401
194881	15.5706902305
194888	15.6285291682
194902	15.340981088
194912	17.2502018239
194930	15.5217935085
194946	14.7633388684
195183	67.9677565292
195238	59.1703543861
195266	74.5486480536
203126	16.6010879575
203190	78.257083126
203233	71.891305643
203555	63.472765328
204692	67.5357658922
205031	79.5488913764
205057	78.572283399
218014	81.7306830571
